5000
3216
1392
4257
893
2686
518
1258
3916
4525
4100
2330
729
679
2871
239
4568
4685
2101
3927
4098
4539
2312
4785
416
662
424
3018
1104
3130
3258
4097
631
4122
2893
4645
2410
2460
3379
689
3347
583
3037
2446
2898
23
4271
1518
2115
4960
4693
2064
1610
1400
1348
159
3348
4292
1905
4611
2373
1365
3198
2548
1089
256
1963
1074
4948
1757
2369
3920
3238
4066
3600
323
3473
3883
2171
3611
552
2710
197
4726
1206
2323
4534
4433
3737
937
3305
3482
574
3649
180
3861
366
2121
4273
4137
1962
2413
3423
2957
1440
1954
2193
4151
949
2249
3088
1375
1207
2626
4864
1358
341
2891
2266
3461
4889
1548
4446
4982
2088
2236
3333
3503
3984
3687
1833
4886
1704
1299
3028
3025
4034
3710
1010
3457
4429
901
4301
3387
3066
4002
2671
3449
2940
876
1456
3140
4469
294
4985
4936
209
33
312
644
1368
2329
589
3171
8
963
2245
854
3826
2432
1255
4120
3828
2239
4811
3403
2234
4309
71
2811
189
1567
1618
4310
4243
178
882
2179
4280
2157
448
1539
3707
610
3891
4136
3547
4283
4181
4589
4950
3655
3437
2825
1424
2451
3502
1397
3683
4675
1814
3789
4677
2695
683
1422
744
1093
2658
4545
4587
1317
3428
3145
3991
4835
1366
4343
4264
1683
4963
3116
2732
1418
4396
991
3602
747
1889
928
3257
3601
4634
317
3242
3231
4737
2928
1268
4754
3353
4752
4794
896
4286
3815
2419
1614
2379
3963
3112
3608
1318
4168
3761
3739
4658
2840
878
4867
564
3068
3187
39
3579
2366
1064
3599
270
2977
4774
863
2398
698
395
3731
4476
3110
4265
3291
4702
3090
3032
4165
1640
1645
4244
986
1423
3849
849
1491
2152
3100
2090
3144
2135
1486
606
2288
3882
3486
2463
534
3556
254
1320
800
1907
703
930
2017
1046
4567
910
205
3901
319
2779
3124
1343
557
167
3765
4652
2982
3653
3053
1594
3320
1867
4791
954
512
2749
3240
3419
4377
3196
1205
85
816
2065
3955
1506
844
1433
985
2212
1985
1644
1333
3120
2274
4863
4005
3523
2265
1376
2107
4456
1572
3070
4512
3151
149
3488
507
4242
1107
120
2256
4489
3691
2845
1243
3639
3440
2949
3654
3030
3999
214
124
804
2130
4227
4875
2206
2471
959
2032
653
1693
1130
2103
78
4504
1510
1131
3799
4492
960
1902
3096
1635
3539
1595
136
1149
4206
3838
4326
2457
93
198
3657
3752
4732
555
192
1483
4139
1335
2571
1537
3887
1544
1852
4438
3770
1385
1304
1726
3388
2897
3564
191
3776
3594
3086
4878
1585
163
4130
1629
2793
1467
1821
4885
3111
1495
593
3542
860
1906
4966
2499
4435
1854
4224
4259
3127
2688
2865
2520
401
1341
4620
3172
1553
565
1450
3615
1287
4323
1133
613
4305
392
3386
3527
2039
2747
1568
1745
707
4508
942
4892
4210
3185
4739
1831
3359
4402
2836
4975
592
4185
4801
4159
164
1661
2258
362
1788
782
1717
2906
1794
2974
4703
4187
284
2956
4572
691
1443
4495
4428
983
3282
1719
1069
1961
1357
2649
1261
3173
390
3665
4324
4209
242
3199
1938
1801
3530
1081
2547
4983
2993
4771
4594
3775
1993
3528
4562
2015
2033
1714
469
1718
165
146
241
2182
4593
4723
1908
2190
4278
130
378
4383
4540
3876
3275
1514
3968
1500
3940
1045
1748
609
3036
1577
2591
2156
2226
125
1927
4946
4627
627
3078
3702
3481
3937
2583
1652
3986
3699
2582
1490
1114
3967
3165
3104
2803
3830
4957
4851
528
2645
4454
2647
460
1303
2296
1597
2198
4623
356
4167
848
763
1286
1503
517
2883
4580
1533
3803
1180
4472
1323
4893
1435
3205
2124
2204
4519
957
2568
4823
1067
3667
2969
4803
2409
4969
476
4515
1219
2911
2698
1229
4532
1215
3229
1363
4973
4061
3259
14
2961
22
3490
922
1915
3277
4857
4341
806
3650
1901
4484
4295
4990
1620
1448
4410
3745
3118
3675
1817
3980
223
3039
1863
1336
186
27
1711
276
3631
541
3896
3578
988
1123
2285
1504
3853
4022
3875
4350
438
1111
2931
3087
1649
1519
4933
1227
3886
4536
1200
2999
1898
2138
1058
102
2106
3147
3856
2527
2459
4451
2783
2100
4523
1639
4416
43
4795
4030
3606
3338
1441
4971
4564
3215
4870
4930
3307
4228
2821
4836
3581
3407
1864
2537
743
499
4647
3637
170
2411
66
1536
730
346
1274
4213
1958
290
3174
2461
2808
425
3363
3425
3487
176
569
4797
1712
866
3330
680
979
3694
4133
444
4297
3726
1004
4452
4068
196
3098
86
3074
887
1810
3178
1740
4736
3672
4962
24
2734
600
553
381
1014
1142
3453
2618
3814
3115
4598
840
1116
2509
3621
1053
3571
4082
2720
3858
3719
2051
104
2984
2340
1676
2131
1271
1458
3805
1903
1935
3987
2505
3784
2858
1845
3381
2142
3549
4984
4808
1147
2967
3700
3798
4715
3212
2874
4212
3976
420
3107
4121
3642
4527
4750
4263
1431
2068
2174
4945
1152
2564
3253
1772
1276
4106
17
3885
4510
693
551
870
1722
3213
4140
4873
2443
235
2951
2569
3688
3983
4499
947
3390
4820
3561
210
580
1793
1231
3808
1396
1916
3732
73
3589
1914
2909
4730
4524
2375
1609
2073
2817
3228
2839
2123
2765
69
1844
1364
3716
1345
3278
3137
2118
2901
2938
4125
4042
2229
348
4146
2315
4166
2275
1764
4682
1434
2908
2467
1512
1535
3851
533
3225
1009
3340
1283
1540
1876
2359
2607
2522
961
3895
1727
1105
3546
911
1470
1882
2715
981
3382
131
2585
822
2223
1444
2270
2804
1411
4026
4033
856
2634
1036
3612
2435
1425
2439
1478
2877
4375
4145
508
190
1216
1452
4394
238
2578
956
1636
133
4672
3346
4753
4633
493
3303
904
2799
118
1755
4149
1451
2890
3489
181
3464
3996
4756
642
740
3781
2445
3466
4457
2605
3034
237
2502
4696
4841
2946
2550
1828
3696
344
3001
2558
4605
2665
114
1134
3995
3766
1100
1734
1786
2321
1289
2034
4418
4553
4010
2587
3060
3152
418
4498
4733
4639
929
3295
1301
760
2816
2631
2365
4938
3301
3505
3948
26
306
2991
240
1569
4338
3508
2978
3459
3396
4060
1612
46
4473
4385
1148
2592
1991
867
1692
4293
1499
4705
1705
4367
1263
3863
2648
4850
1670
227
188
694
1099
4274
2399
3136
174
2711
1534
1893
3759
3029
4621
974
4491
4579
1372
2792
3164
391
2744
2052
40
2769
3718
179
195
90
2231
4467
1088
514
1267
604
2079
4880
684
4337
3928
4943
3930
578
4474
2767
255
2655
2442
331
3243
4659
2456
2771
171
1986
3848
2042
1552
859
527
2381
4954
2939
3462
225
3792
3263
2129
1979
2770
3816
4191
4749
2268
3662
4802
4062
2057
2307
279
4824
671
3161
2689
4386
2401
2327
91
2868
4144
794
267
367
1413
4303
1194
1309
3155
2096
802
813
4176
4031
1604
4920
4826
2831
4316
148
3089
3063
3293
3764
2316
4818
1344
4721
310
1119
2724
629
3679
4554
1033
2120
2933
3501
773
2736
3658
873
3740
1899
3725
4182
1792
1829
3912
3119
739
4417
3009
60
3905
3576
4511
871
3837
1068
4178
3835
1841
838
2596
2546
48
2947
764
3069
4709
3656
3079
3989
4608
215
1749
2979
1769
2619
4874
4586
616
4357
4358
1244
2494
1861
3645
410
2041
1379
4123
4688
4755
3468
2282
2056
795
1407
2059
4205
3831
1174
403
10
4618
6
3790
1006
3166
3125
3071
1399
2850
1716
762
3233
2404
3374
4044
467
4720
3014
1193
76
2835
4155
1279
2557
1007
475
2500
2781
4799
3583
2425
1800
1342
3500
3869
4766
4426
1784
3393
134
3311
3577
3724
3312
434
3431
4642
4340
1253
568
4208
4496
4806
4384
2903
4575
4215
3051
4470
3445
4108
2942
299
350
4320
1824
2293
4461
4262
4475
3450
4021
3680
2436
3499
1984
439
342
175
4992
3429
4891
2024
4546
4413
1691
2351
455
1281
3636
3247
4188
3811
4222
4961
4233
1386
2599
1275
57
412
2333
4077
3341
1321
287
4779
2973
1634
4306
769
2290
1412
41
4695
3019
132
862
2786
676
727
4249
2038
157
2717
168
3965
1515
4408
2368
2029
4411
996
3006
3040
3157
3786
4464
2149
4156
1464
1175
2597
3715
3169
9
1531
944
4117
3475
4918
18
823
4724
4258
2474
1241
633
1071
647
1768
2427
4953
950
1048
275
2608
426
4488
1151
3026
2071
282
1807
805
4261
3057
4345
2319
847
2420
3126
1650
4762
581
1429
4831
2610
4741
3292
428
4253
1428
1360
4289
2173
3580
1354
3950
3194
2194
4266
1051
1787
2144
371
4277
1968
2469
3206
2853
2964
3993
3818
1030
183
21
1226
2536
1777
1079
2833
2960
3239
1951
1210
714
2512
786
2728
1528
3179
2311
1894
1024
2622
4974
982
2673
1892
1015
2086
524
3670
4366
3463
4928
2230
3981
1257
4622
4786
768
4046
230
3015
4853
1382
1311
4481
1057
3913
4780
4924
3294
2325
3873
2392
4765
621
1975
829
1555
1011
3055
628
1806
2111
1416
2653
3412
4902
4979
4378
1771
509
1990
2603
1674
2308
2543
897
2097
2403
2719
4897
993
4544
2794
3054
1687
2904
919
2570
2273
4004
936
4381
3585
790
2070
4112
588
2014
3389
4423
3299
4556
4947
1236
1230
3832
1471
1973
4276
1156
2
1549
2900
4900
1191
3929
2789
3854
268
4282
4665
2165
523
2386
3964
373
1314
4364
865
4353
1161
656
4311
1082
143
2684
2125
2195
4440
1076
248
2354
3970
3864
713
992
1316
1840
2531
4871
915
2300
2196
1952
3160
2927
4298
756
3384
187
4707
732
273
3182
675
4250
781
2950
4232
222
1816
1479
121
1723
1664
885
908
1738
2166
2252
4879
1446
2764
2772
2202
3932
558
2930
4365
2806
1782
2639
4401
4404
4686
2263
3334
2782
2687
1675
1250
3572
2349
3532
4687
3771
2302
4505
4361
3609
718
4104
3077
2452
946
2013
1129
2390
538
1598
4743
1703
2364
2164
1347
1361
3651
2945
2043
1181
1666
4501
217
4965
776
1684
1408
4520
1710
526
1708
4016
1789
351
1804
4913
4099
3604
315
4356
3567
1942
1779
1690
3909
3844
3961
611
4065
4471
3946
4018
2669
953
2305
4325
1994
899
2667
886
540
3894
4735
4179
1137
1017
4294
2484
3870
1339
3200
820
440
2000
4890
2832
3027
3430
2683
1038
4713
1522
3747
162
4223
2652
349
266
2031
3421
3426
3023
1732
2726
4114
2985
2621
2757
525
3736
2255
454
1421
2727
2167
796
4846
4614
3712
2060
2480
1001
753
3285
1647
925
1600
333
4008
3276
3416
4024
4465
4655
3892
3628
2355
1622
4314
1992
3516
1158
2968
3383
1373
3201
1953
3956
4037
1459
1019
2773
624
990
2486
4328
2606
1653
3342
535
4543
1350
2219
1245
4701
3370
1574
788
89
2047
1668
3483
2448
4093
2812
3975
1159
2076
3998
4725
1621
2916
2295
3497
3544
4225
472
28
2493
4609
2205
3186
2672
3209
573
3684
152
757
2820
245
2989
4380
1122
1062
1919
1472
1235
2875
2970
1085
0
1835
4783
2260
2211
1925
4615
4487
3376
1747
913
4197
212
529
4903
3058
3824
243
1736
1223
3318
912
1673
2926
485
1508
345
3962
2423
382
1154
474
4684
2253
3842
622
2741
861
2396
2856
1583
1660
2819
3787
347
4759
1909
2818
3821
1853
4344
4330
4632
2528
3550
216
2082
449
4585
2227
1005
1842
966
154
3261
2997
4132
1891
4681
3308
2177
437
3881
1146
3693
4997
1432
2377
1651
1132
4269
4640
2869
958
1389
597
55
2084
4830
4537
3133
2208
3734
614
2948
2513
2511
435
1113
3704
995
4812
399
4150
3943
1983
4581
2476
2514
511
3072
4503
430
3711
1273
480
643
2758
2848
1214
2303
1980
4650
4246
3782
791
4956
4940
3141
2407
3833
3582
1404
1484
3513
4447
2151
4778
3674
1743
4694
2462
4517
736
934
4234
4183
1102
932
4374
654
1616
4379
4038
2826
4840
2704
3755
4931
3969
530
4643
1799
4354
3536
522
831
955
2324
4382
3317
4952
300
4837
3232
761
3570
2756
4285
2188
3753
150
705
1047
232
2244
2185
1217
2495
4134
2189
1306
1189
1931
1988
678
4768
1820
801
3167
3575
874
4105
4072
2617
2098
3332
2943
4583
1542
1480
3743
4613
855
1654
681
203
1246
1682
2019
1055
1933
4661
96
1605
566
941
2181
2934
277
4590
2636
1697
2518
4825
3268
56
655
4629
3801
3898
4288
905
2473
4466
1369
4558
3507
4203
2066
2061
968
724
3874
2544
516
1453
260
407
3810
1888
1315
4116
2261
4111
1232
1195
3872
892
2147
2838
1199
2078
1874
2809
4027
4758
1034
3394
2721
4186
4522
1198
733
4582
741
3010
3405
1679
274
184
4138
1685
1956
4287
808
498
962
461
3977
2243
3595
889
2796
4239
4449
4706
4101
4630
3289
2370
1445
3605
3251
4110
3436
307
1851
2664
1040
3978
3234
4775
1109
451
1167
584
4000
1249
731
2971
2046
1934
4653
4462
2387
2784
3568
83
2094
25
2659
2761
1910
2022
1947
4086
2778
4728
2350
1802
2707
1937
2827
3352
562
2326
1021
2077
4526
1959
4291
2020
4626
1970
397
556
139
4079
1042
1976
3596
1762
875
2105
2935
4541
97
1643
4637
4858
2628
1003
1078
4817
202
4676
787
2577
298
1203
4651
263
1560
685
3438
2823
630
3720
3411
1885
3652
1713
3852
3926
3159
4174
3878
708
4296
2998
4238
3545
2878
2332
640
1188
3778
147
815
594
1667
3406
4398
825
1097
4017
702
291
4937
2748
343
1617
4189
1256
3518
920
690
3730
2385
4497
1884
2247
2855
3093
387
2433
945
3708
877
1059
1525
1488
1436
1282
4071
2412
3128
3538
623
2317
3526
3791
1996
1543
3979
211
3548
1857
137
3498
973
582
4977
4255
4119
2145
3709
2980
297
752
4281
4075
357
4395
3052
2049
3323
2091
4023
1805
4789
3888
3339
4349
3682
2036
4829
3722
1505
4200
2932
3558
145
409
3951
3763
486
4988
1242
4057
536
3634
651
4091
1624
3907
1756
3933
722
3189
1796
4849
1648
987
900
1972
2406
2356
2393
1862
2391
2250
3434
3521
1957
3373
1417
2257
4529
2482
2161
3559
3900
2976
3897
4809
42
4690
4964
3535
2780
3091
3153
2905
1797
2983
2953
173
4290
2339
3714
828
3378
3269
939
1493
4822
3365
771
3050
3117
1110
3660
1912
4388
4935
2713
1641
4142
2884
4304
3721
4839
864
3168
2397
544
1307
4172
4679
2690
3855
3935
4827
3525
3324
68
2021
1886
1016
632
316
2892
2737
3620
354
4847
106
2887
1208
1550
3735
4463
487
488
1527
2609
2735
4929
2224
4569
751
1868
452
2630
2240
3988
785
2706
2589
2762
4164
1140
4252
2638
1157
2515
2633
3659
228
833
1370
1182
1706
4552
3454
3641
3288
445
4193
2700
1008
2837
3757
3541
1571
2449
4777
288
4995
2213
4319
3643
1144
1511
3267
3677
2613
4332
1729
334
2517
265
645
4347
4616
3271
2242
1118
1790
4719
2925
737
531
257
2852
3865
3138
2450
4148
682
4170
4207
650
2159
4254
1658
2538
1737
3452
4458
280
697
2470
1578
951
3514
3941
952
1312
119
1293
646
4738
3749
2801
4656
2834
2072
4734
4069
2191
1826
1218
126
415
2895
3017
3399
1760
2081
4455
3150
109
2752
3443
2860
1541
3520
3236
4716
2238
3065
3264
3794
4588
2937
3227
3149
3562
1192
637
2314
4109
3569
3284
967
1124
975
1492
140
199
2959
755
3142
579
2774
2222
1926
814
281
2958
456
3774
2907
4103
3974
1284
4955
1627
3420
2601
4087
2417
4919
1579
1473
4876
1619
2346
3780
3392
2702
4067
916
3321
549
4915
4538
617
1139
1031
2168
1509
286
2062
3252
2160
1924
4941
2842
4414
819
4126
2623
2012
660
4912
1212
503
2896
3099
980
4019
1753
1904
1324
250
3442
4279
4460
717
1371
3095
2807
2885
720
2134
1013
450
4074
271
2006
88
1410
2738
4419
2766
3944
4899
938
716
3208
2542
799
2714
2466
4355
1999
898
4563
1387
2276
1469
1143
3836
3080
933
4039
783
4163
4904
1744
2523
686
2566
3002
1043
1563
4390
2846
2830
1183
1225
1356
4968
817
4370
2176
1517
4557
16
1179
2791
4722
142
359
1039
1000
4972
2692
1383
4507
779
2114
4096
4708
292
3237
4921
309
2805
1346
4663
4784
1897
4939
1090
4453
2158
1663
2109
3893
2200
1752
1430
4051
3510
1170
1694
586
1586
2137
4202
335
2643
4763
1502
2743
532
1978
3806
1228
3924
4184
837
2382
2864
3646
3936
636
3375
1702
3304
2154
4331
4641
1761
1699
723
3829
4654
374
144
4450
3705
1155
421
4412
4805
1532
3697
3843
213
1084
1530
1222
414
4602
1027
127
576
51
1707
1633
3448
2347
1590
70
661
3143
2089
4531
927
3910
3366
2829
784
2722
4757
4796
458
4516
2472
1936
1292
1608
3706
98
400
1997
2026
1798
2175
3914
673
2580
396
3306
3506
491
670
2477
2341
2281
3859
3163
3671
1870
2058
1437
3048
2754
3354
364
2488
3931
1946
1715
2003
2498
3336
2894
3627
327
3413
1613
3574
2416
1106
4094
3619
4555
1930
4989
2277
2611
1326
2162
4247
2352
2150
2440
4603
4214
1592
3954
634
638
2127
1266
575
1725
1367
2489
4670
166
1859
2849
1665
2203
1037
4321
2586
1878
2573
2408
2879
1767
537
1390
3868
2590
2990
4055
4607
4866
296
510
3819
2018
3959
1108
772
2183
1028
2284
3952
3113
4671
2025
2259
1018
3565
1803
413
775
2110
63
721
607
2376
3701
2214
2298
726
4638
4595
4047
3698
2880
1883
332
4996
3274
1465
75
3337
3433
2952
2357
2002
2155
3286
2676
3319
4697
1808
635
226
3560
229
923
4430
4389
3511
701
2117
2294
4490
3146
3664
325
547
3417
3958
92
914
1086
1815
3496
715
554
648
2760
4407
380
2426
4013
868
1415
2646
2037
2725
3397
1178
3218
446
463
462
4894
4124
1538
3360
2380
4336
3713
4327
1672
3785
1138
101
500
4773
4359
4011
2027
4692
3783
1607
2251
278
431
4006
2788
4810
2353
3809
3402
1832
108
95
326
4135
4807
464
4058
3158
2594
657
4861
4308
2851
3391
3139
3985
4908
4229
2216
338
1442
1731
2054
1061
2343
2388
2552
4578
2525
111
2699
2444
3919
2421
3460
618
4800
2785
3903
262
3779
4300
3108
1384
789
4424
3016
3192
4500
2048
4617
1573
1340
1197
1971
3945
4917
2886
4035
766
4573
1054
1688
1655
2063
2681
2919
567
3923
4925
1575
185
2600
1642
4782
1918
4217
3586
2475
1943
3884
236
4420
2674
984
1890
2657
112
4560
4819
1162
603
1475
3398
2007
2797
3625
1887
123
1126
3871
4574
293
2320
2666
206
4528
4744
2400
3669
442
321
1547
3479
20
1698
3899
2468
107
2497
501
3219
888
1770
2434
2119
1060
811
639
4547
2675
821
3177
13
1944
2040
3597
1165
577
4683
4761
2936
1977
94
2729
1220
2437
1388
4494
4141
3804
470
423
3162
4631
4459
1837
1551
3385
4387
2085
1164
1409
1305
3911
2083
352
2705
809
4745
4521
3994
4162
1576
4905
3517
1922
2828
1233
4260
3592
372
2383
735
2924
1463
1911
4001
4360
4604
666
3073
1966
1049
128
4577
1949
81
587
4090
4848
3210
3492
4895
1791
483
1913
3543
4804
2742
1839
47
2854
841
251
482
1248
4854
2361
3109
667
1659
1520
2768
1298
3046
1818
1325
1948
336
2790
4442
665
1836
3044
169
4691
4888
1374
4317
1098
4592
1414
1070
4113
4194
850
3300
4204
4268
3331
4591
3256
2521
1402
1701
301
894
1596
4896
626
3934
1581
3748
2776
2795
417
504
1507
2304
3343
2814
355
1394
3181
1141
2271
2458
4063
2755
122
2917
2739
4793
572
3822
4787
2579
3322
2533
2975
1041
1166
3097
1783
2337
3458
3020
570
2614
2844
2363
1322
2873
1602
2654
3622
3235
3361
669
1557
3265
1895
4256
3345
1101
4241
3551
4550
151
115
2716
402
1280
2913
4173
1096
2422
688
4195
3184
2576
2996
3533
3663
208
2010
4333
330
3813
1252
2987
2562
4869
2483
4443
1308
1850
2685
2116
742
780
767
3183
3217
4624
4346
4
1145
3083
2187
964
1044
1025
3246
4767
3860
2882
1462
19
1259
3404
663
4334
2504
994
1896
4816
649
473
1628
80
545
2192
3248
4363
746
117
3841
2394
3614
709
1720
3364
2701
3371
4987
605
1187
4881
4981
2008
3471
3281
1875
2602
3491
2644
3467
1998
4887
4514
3529
2532
3362
3170
2994
2915
2539
759
2862
2857
3921
1238
204
1489
3624
903
2678
2030
4302
314
3982
4248
3717
3266
3632
2992
978
1900
1297
1843
269
433
3917
4405
339
224
4845
3129
2201
948
4373
3857
2186
3474
182
3638
3997
4441
2753
4095
2697
4115
2237
3328
477
4020
2102
1866
810
2745
4056
377
1355
2567
1928
1587
2616
2912
3862
3273
3476
87
4625
3325
1
1940
2640
52
3350
1334
1300
1822
3797
620
4028
2526
4535
2815
4790
1524
4080
3751
2929
598
4926
105
3552
1080
997
12
2264
2656
3220
2775
3846
748
1125
4927
3409
3122
4221
4422
3134
4078
4776
2112
37
4045
1521
4747
1349
3880
4009
1239
2759
2143
2629
2595
2429
1580
1328
1449
3315
3310
3746
2541
4216
3971
4942
3283
4959
3180
2122
846
259
3647
2374
704
4570
389
358
3193
4081
3262
2395
3817
4299
3358
3059
2283
2490
3103
1224
3424
4781
4107
360
1819
4315
2872
2023
3446
3427
324
218
2372
2604
2507
3084
4129
249
3515
3795
234
2966
1593
1496
72
1066
4270
4448
2680
2709
641
2336
1237
1689
1447
2962
113
3879
1391
2292
4669
2136
3554
2338
3866
4025
4619
1700
4073
318
664
728
3041
2723
2670
2254
1115
2430
2660
3493
1026
1681
3729
3191
4211
4760
3035
4549
989
4970
4792
4843
1481
890
1606
619
172
4530
465
4415
1362
1405
758
738
2228
3012
3047
2593
4064
505
3326
4118
4597
3767
1294
3226
1173
3587
3738
1523
2153
2661
3629
4076
2923
3204
4636
2139
3495
155
2280
797
4199
965
4852
1869
2510
3728
1398
3244
4399
3877
3648
1969
3906
3472
3685
2902
1277
1002
4680
258
252
1678
1879
834
2348
2126
539
369
4421
4668
3408
3279
77
2889
4049
4565
1077
103
3329
2549
3214
1638
1589
3768
2278
2075
313
478
4561
459
308
4916
1873
1554
2055
4362
4596
4014
4198
1631
1353
2870
4427
1763
4660
3723
441
3207
4040
4999
386
1781
2988
1834
2954
1185
1313
1401
4371
2384
1686
2535
3064
1331
1426
2318
4029
3313
3121
1584
818
3661
4922
3190
7
2612
1050
4923
3004
3534
1103
1582
58
84
2524
4612
4237
3773
2479
3635
4949
559
4764
3610
1823
3925
3681
3590
1871
4175
2708
3400
506
3176
50
4914
3224
2876
3593
2360
4157
3380
2286
2662
2867
3188
2750
1455
2028
1917
880
2170
29
4348
2572
4032
4485
1865
2588
550
2248
4434
1929
304
2291
3195
4084
3092
765
625
2287
3422
3623
4689
4909
4088
4699
427
3011
3075
4951
1564
100
561
2696
750
778
843
4236
2299
2955
2133
3444
466
246
1780
484
1987
2813
4548
2455
972
3222
2104
1202
1457
3369
138
3290
3022
3990
3598
2598
3626
4226
302
3812
672
2184
3942
1065
110
2367
3154
852
3616
2113
1302
2424
1136
3918
3005
4275
3106
2965
3451
926
1625
2555
3904
4673
652
591
4445
3563
4742
490
4666
2496
3644
2217
322
1420
2918
4664
2178
1561
2358
4646
3465
3772
3061
1724
1278
379
3123
4506
658
4834
67
519
1094
2378
4406
711
370
2344
45
3156
3754
253
1611
337
3938
1476
4599
3197
2371
3038
3082
65
1825
436
1848
845
1965
3484
2074
2800
3788
3793
376
4748
977
2221
2465
4318
3703
4436
3827
1765
231
2944
1022
2045
4576
3148
4439
3531
2694
453
3485
492
4085
1337
1262
2677
1427
3024
361
918
2246
1877
1709
2207
2921
3613
4606
3270
879
692
1630
1260
4865
3250
3033
1056
4468
4245
2802
4201
4083
1168
2001
3678
220
1562
599
4339
1570
1960
4351
1329
3062
1795
858
700
1566
261
4772
2859
283
2534
4092
3618
2009
4731
2503
4980
3372
734
4740
2731
201
1811
3750
1656
1290
53
4868
2441
1176
3758
1177
3557
3175
1438
4518
2914
3302
4437
1012
3839
62
2418
1319
1827
4714
1742
1338
2995
2310
4601
153
1721
4856
770
1623
36
3410
1087
3509
2067
832
2540
99
328
4877
1265
2575
725
602
305
394
4718
2389
4907
1381
4910
320
4657
1637
194
2632
4128
1830
1359
2516
1812
4477
2431
303
3255
264
2301
2746
2309
1766
3230
1696
3960
1813
1516
1880
1485
2050
3296
4493
406
851
1669
363
4882
1932
502
3890
3607
1153
749
2362
2712
4352
1020
3415
1160
4798
4050
3478
1072
2501
4944
2262
2180
247
1477
4551
285
1073
1632
4127
3314
4400
289
4235
4509
2763
471
2272
4678
1120
3432
3114
1291
3733
4746
3668
4833
1285
3727
4312
2209
1599
4978
1171
1759
3566
2866
129
2663
4171
496
2822
4053
3676
4218
4143
917
3573
4041
3351
2703
1327
3504
4711
1671
457
3630
2751
4788
3335
4043
368
3245
177
2986
3555
1270
998
1601
1680
156
1741
3241
4169
4911
1588
2899
3368
2342
233
4700
272
1454
4432
3280
1846
2128
2345
3045
2559
1439
883
2093
2922
2415
3972
54
1751
4821
1332
1526
158
3105
221
4409
3840
754
798
2824
4727
1211
2718
2847
884
2635
895
2888
803
3953
2235
4231
706
1657
34
3249
3031
3540
3692
3297
141
3309
571
4566
2530
2035
1213
774
777
1941
924
1855
971
340
3003
3519
1945
1809
3447
479
563
931
1860
4571
3741
1406
1201
3524
857
3287
3298
3357
64
2615
4392
1498
1778
2454
1121
3823
1758
3553
3591
2972
4161
2004
2044
1163
4770
3056
2565
696
1967
4391
4154
4559
2563
3847
408
1872
3042
2561
4502
615
3260
2080
1380
590
4533
3367
4717
2169
35
3418
1964
830
1468
1501
601
3889
405
2556
4667
745
4710
2464
3414
3744
4662
4628
4600
3043
2232
2233
4635
902
4479
383
4860
2506
494
2478
2492
2733
3395
1785
4986
3966
3344
546
2863
3316
3349
2627
4704
4993
792
388
3355
2651
3480
1728
3947
515
807
2313
3908
2220
2053
2624
543
4272
1982
1775
481
3973
2005
935
1169
1565
836
1117
826
521
1733
3588
3132
1351
1746
2199
3401
4698
1063
1615
2141
2682
612
4369
1092
31
1856
3666
4844
969
2016
1513
1626
3689
2108
2574
295
1234
4152
1395
2691
1776
3902
3992
4872
4158
2297
3957
4147
2679
2620
4769
3049
4712
4048
921
2485
4998
3939
375
1264
4444
712
2693
1204
4994
2331
853
2584
1920
3640
1981
3435
1546
4059
608
135
2414
2941
3101
2069
1739
1677
3686
4003
2487
4859
1923
3223
4648
1032
38
4480
3800
3441
4991
4842
2218
4089
1247
3007
4832
4751
1603
907
1754
4219
3081
881
4814
1150
3633
1128
1023
2132
1466
2740
1955
940
2163
2095
3254
1221
2920
2267
3067
4322
3949
2481
4393
1773
2269
2641
365
1847
4070
82
4007
695
3673
2453
1662
3584
1974
2529
1558
398
677
2777
1559
4644
3203
3834
520
513
1295
3076
2963
4513
4267
4958
1091
2545
3695
585
548
1858
385
3455
1184
2730
2402
3762
1135
1646
2087
4052
4376
2405
2279
15
4855
793
4813
2650
2554
2447
3469
200
4976
909
1095
116
674
2881
4036
2787
1460
59
2553
1556
710
4220
2306
1378
3327
1296
1029
1190
2637
30
1127
2289
1494
2328
11
1172
1529
4190
4251
2981
2140
3617
329
2560
906
1995
3021
193
1735
4482
411
3777
2668
2215
79
3867
2810
4284
3377
4901
1989
1052
2011
1035
74
659
1695
4054
443
4329
429
4610
2148
4372
1209
1482
489
2172
596
1939
44
3013
3825
4483
1591
4838
495
3456
3796
160
1403
2334
3356
2519
2428
1251
4431
542
2146
207
1750
1921
1461
61
2335
32
3211
353
311
869
719
2581
1310
244
970
2843
4397
3807
3850
1474
835
4102
976
3922
4898
2508
5
422
3760
4862
393
3135
4131
3769
2099
1545
384
4674
4649
3537
2551
3845
1393
4240
1730
1083
2438
3102
1075
4542
432
3742
3202
3272
1497
827
3756
824
3522
447
161
4934
4313
3
1849
1419
4015
3690
4828
1377
404
1330
1269
1112
2197
2241
699
1240
4932
812
4486
4177
1186
2210
3477
3802
2910
4368
4160
3603
1288
687
419
4342
3494
4180
1838
668
1950
3094
2225
4884
1272
999
1487
3221
4584
3512
2322
872
2798
842
4012
2092
2491
1196
4307
560
4906
891
4230
219
4403
4335
3008
1881
2841
49
595
4196
4967
2625
468
4815
3915
4425
4729
4883
3439
3000
2861
3820
1254
3470
1352
2642
1774
3085
839
4153
943
497
3131
4192
4478
312
3211
1486
1998
2079
2789
4438
1228
4513
2865
1981
1499
1199
2779
1778
4855
688
745
945
869
1075
1270
4454
4570
3317
1980
1105
1970
1275
1339
4789
3779
1609
23
381
35
4274
2726
3121
4007
2912
4475
741
1951
2223
4396
4443
1606
1869
2379
1451
2558
2500
2427
2743
883
668
848
3436
2286
2051
1292
4758
4541
318
480
3499
2185
3356
3792
1882
0
2400
634
709
4212
3664
4448
4973
4724
765
4348
3278
2226
4154
1556
4987
1805
935
1806
1530
3767
656
4845
4811
2410
1074
2372
2349
2638
2710
1794
954
2862
2970
4023
2572
1108
4707
807
2408
4746
2263
1877
4482
2827
1443
4553
4993
1872
2632
813
76
1615
1915
1340
645
2418
3133
2284
3141
2036
304
2181
2184
1313
3884
2810
3946
2446
4656
3752
2402
1734
3293
677
1119
3223
3199
4187
4881
3989
773
3781
2385
2477
4612
1993
1266
2964
559
3359
2937
769
1994
2809
196
4673
374
1723
4912
4482
2935
972
85
1890
1749
253
2869
1496
2304
634
4011
3890
807
951
2001
4449
1579
429
4533
2514
79
3694
1804
2375
4291
3941
159
94
1410
3744
1941
2688
4088
4258
2201
1476
1496
3365
1877
2708
2828
1477
1128
145
758
819
4396
2611
3535
4912
539
2363
999
712
3963
141
524
2713
3319
2560
766
116
1737
1216
10
1115
1036
2358
1206
3796
1679
605
661
1709
2215
4152
1314
2904
3667
1259
1322
1113
462
2176
285
94
568
1571
1910
1438
3702
2119
2115
869
1860
1738
487
383
1656
926
2214
4122
3273
1450
1809
426
4872
2913
2971
4983
1909
3369
3666
4345
4325
1679
1946
3543
4162
616
2015
4300
3644
2723
3937
2059
103
4070
2653
1077
205
3014
666
177
4589
4115
2936
4667
1172
3491
1656
625
3623
2611
3901
1112
2328
1624
1201
958
1020
290
2678
63
658
1560
2852
3448
3000
1185
548
3765
2390
3369
3445
3136
4350
2714
3296
292
3344
2569
1317
3106
4185
1187
2031
2628
2420
1240
3366
1568
4045
887
2372
4328
1745
1410
3819
1064
2329
1219
2188
1199
2617
3918
3178
1009
1756
4433
1833
244
2778
3298
4121
721
4749
4984
616
3998
2160
2060
1935
3994
4625
2049
4066
2040
3969
2162
302
2008
873
4315
1455
2450
2463
4627
471
3869
1297
689
4014
4279
1697
3132
2998
477
4954
3807
2262
1661
418
3517
2962
2186
3560
2336
3040
3944
3376
2169
4814
1937
1549
443
2795
2368
39
2121
2483
35
669
4890
1647
4006
700
161
4108
1014
3232
1626
490
1643
1779
1657
872
4369
444
4469
3791
4744
2889
2022
4932
779
536
2035
2641
3687
3634
799
3134
2101
825
1836
220
1153
564
784
1979
779
3505
3800
1341
3390
2698
2002
2922
1967
2587
3095
2797
3728
602
1161
3830
2198
32
3449
570
1496
2871
3373
2480
3625
3741
1024
1670
2568
1704
4178
667
3653
714
921
4533
399
4271
2224
1431
3444
3861
327
2987
4768
4252
4035
2518
3594
2725
975
3676
1003
2551
3635
641
4672
184
3877
4915
2450
1409
1133
3132
3324
830
4974
3468
1821
2772
1697
4318
463
1931
2435
1506
2391
1214
1707
4835
1638
2864
2829
505
2535
418
3154
3338
4042
4179
1515
2556
120
2679
4684
4631
3912
4146
3174
4065
4162
1343
1415
2337
3962
4948
4317
1944
3479
1809
2481
2989
3436
3489
1921
3280
4310
2783
4041
1353
2039
773
4219
1946
19
2081
3940
1018
3809
3145
1361
3155
1812
536
2913
1839
3611
2089
1637
4878
2798
4924
1278
3715
3666
2591
4789
1744
1358
1671
2257
1071
4935
1039
4196
4115
4473
1895
1327
3214
143
2401
71
2324
1516
544
3272
1472
51
1322
1449
4565
4700
2928
256
2655
4673
3027
3736
1019
2136
977
3768
4477
1041
2072
3350
2081
3162
1274
4812
2740
1545
1978
2305
4603
138
1735
651
3787
3194
1638
4971
2244
4195
4524
962
2208
3072
2604
4155
4280
1916
2006
624
849
1334
1993
2746
2538
3120
4010
675
4482
384
733
1918
3936
1894
3580
986
3098
1687
286
883
3370
3106
3593
4409
3678
4753
691
2205
79
1626
165
3185
605
4366
2714
3143
1936
1497
4070
741
89
4996
3010
767
4555
3888
3495
757
4852
148
537
2023
2081
3912
4191
463
665
1034
4911
2134
2256
4545
2111
2353
1455
1889
3866
4461
2634
3335
63
145
2882
2989
2480
4867
4372
3343
770
3061
2330
231
2224
3161
4496
4214
3941
2299
2369
276
3914
3958
563
1307
2532
4578
4481
4391
2177
1853
1744
3792
4701
103
708
706
2768
4394
4979
4836
2098
3233
3874
4025
666
992
951
3964
1716
869
822
4575
137
3550
1200
966
4595
4620
3057
3863
2097
1326
2826
2612
1407
1840
4782
3229
2361
1988
2720
295
3818
2690
1197
3426
2208
1909
998
466
4955
974
889
1995
4278
4781
2887
3859
3340
3317
3929
1034
1863
1352
3655
2429
477
4890
3618
2140
4700
3914
387
72
1904
1159
539
761
4218
1999
100
1679
4043
2421
800
2104
825
2380
2489
1513
1217
1519
1672
3136
2974
99
690
3762
4616
2640
1863
4992
2017
4435
2221
1335
2508
1144
2045
400
2855
3206
1244
149
4003
3331
3316
973
4753
3537
4388
42
4775
1153
926
1137
1252
4896
136
3946
632
3479
3693
841
335
3672
2212
4139
1423
1765
385
4909
2536
474
3859
1306
1732
2902
4566
3411
2599
1250
2911
3881
2908
1281
2460
2467
2509
2473
2766
1882
974
1044
1881
4956
3014
1166
2511
2497
894
4081
1615
4136
1129
3700
676
1058
703
2069
3648
4044
194
1386
3779
3249
2001
4869
1223
1599
2923
3974
2126
568
190
2477
93
2724
273
2584
4930
2733
4126
553
901
3635
4636
580
2075
2937
708
1191
321
776
1906
2467
1887
1754
3255
1547
4306
4226
2861
4115
3854
3978
4826
4498
1980
3509
1184
914
137
1254
4252
3320
2607
3121
1974
663
4864
1040
4880
3754
4823
4384
4027
4914
4370
4574
1030
268
813
4620
465
2279
3528
184
465
244
877
3351
4748
3511
4266
614
4040
2269
798
3593
1726
2462
4465
1664
3597
749
764
630
4612
1590
1364
1635
1504
1856
1465
2117
1456
3874
2580
3171
44
4099
1736
3890
2005
3748
2615
348
1377
4697
2312
2725
3446
3281
4928
2015
121
3345
3368
2033
2687
1384
1093
1547
4276
4542
2525
3885
1985
4798
976
3369
4388
4014
53
4599
2195
1028
2943
3671
1504
2003
72
4948
2652
3143
2765
3519
2837
4581
1169
2249
474
4207
2550
4901
761
3430
3033
4925
4710
3041
4006
3732
1671
885
4101
2780
1597
3541
1635
3017
318
764
4771
830
4137
1936
3646
2350
2481
2674
2713
2765
6
3763
583
1505
264
1570
878
835
3789
3779
2726
3122
2957
2481
999
1338
2461
2199
306
2801
529
4964
3187
3770
1429
1733
2941
598
2677
2712
2623
135
3747
1478
3038
2079
4977
3880
1723
2281
2119
2053
4046
2389
4432
1746
2875
1010
3001
2244
1964
1119
505
458
2639
4466
1791
1166
178
2333
1632
2726
1604
1510
3968
870
3621
4863
3907
4920
4008
1061
4100
86
648
1060
4094
1263
706
2594
706
4937
4850
3051
968
1047
992
4750
1761
2659
4579
845
443
2620
2598
1874
606
3179
1267
1776
4488
4427
558
1273
100
4968
3300
3415
1137
2721
3243
3028
1799
1496
3058
125
4988
4634
2189
980
537
1890
66
869
327
1403
2936
1812
1174
670
4073
1725
3734
1240
1436
2075
4759
3736
3000
181
3799
1288
2550
1542
4010
769
919
853
4063
1532
3486
1189
2664
2798
4182
1357
386
1563
4951
4738
846
2167
4829
4523
3782
4912
18
997
3684
4992
2678
768
976
699
1236
2434
1033
3788
4686
4659
3735
4460
4379
2401
350
877
1936
477
1540
1923
1525
1365
4606
1981
2722
275
1888
1331
3529
3934
1221
592
1653
4335
4454
402
756
3903
838
375
4777
719
205
779
3749
544
2842
2111
799
2845
367
1484
1617
1309
2872
985
2165
4461
428
4328
1432
3542
984
1183
2246
1490
64
3950
2574
1445
1823
4685
3535
2425
2024
256
2715
3843
358
1277
1867
61
3025
1653
4731
3715
3098
2770
3968
81
4666
1840
4807
1380
2558
2902
2631
2057
2061
71
1466
620
4964
820
768
1850
634
2300
4013
1120
1848
1943
932
2405
4099
711
3684
1093
3710
257
866
1584
1681
2514
1975
3538
4798
1213
3451
1772
4822
4364
521
356
1671
2213
4909
3048
2057
3727
388
1800
537
396
3483
4909
4989
1578
4603
1021
4634
1853
3059
4864
1442
3567
638
7
1994
4299
39
4428
4539
374
3906
2413
2622
15
4621
1525
2974
992
2895
372
617
2253
4167
3517
2215
2885
1392
4441
4534
4759
2140
2803
4573
695
743
2539
3240
4136
1357
1423
828
2980
798
4151
4467
4706
2728
1999
4649
192
3670
1923
16
3618
2329
1157
185
4601
1268
2363
812
4430
4396
4191
1282
929
543
4023
3601
4262
2132
4446
2888
7
1452
226
356
2256
1215
3408
3466
4830
2626
4372
3165
4386
1471
2742
3426
1333
294
857
2371
115
811
342
4129
1477
2144
177
1877
930
2412
3866
40
1687
4436
894
4946
2423
4529
1134
1464
819
2986
705
3770
477
2563
4094
1052
1170
1774
2133
1850
2086
3762
1247
3561
1956
2657
4554
604
4191
782
4265
1725
2355
1094
4779
1628
455
1278
4779
2501
1479
1286
2273
965
1068
197
3559
597
2999
2861
694
3394
1102
320
1113
148
1086
3042
770
3821
114
3913
1677
269
3755
1619
570
4764
3697
1999
926
3319
4232
4607
3260
3159
4127
1963
2623
3646
1421
1250
1644
2115
2252
21
3366
4576
3298
1500
810
4306
3566
4245
1348
352
576
1210
4249
2984
1677
4155
4839
3551
1681
1107
682
3031
877
1311
296
206
2907
2949
687
4629
1111
1025
645
2118
2129
2846
3952
4105
2665
2307
512
1240
3842
1147
3474
3657
1018
2674
998
2413
1064
1725
1619
3695
4103
4689
4265
4871
1338
1742
3591
4055
2048
3957
1502
3701
3523
2440
614
699
3787
4394
2847
619
2520
1023
2659
119
3832
1108
3099
2008
2566
706
1519
301
4308
2167
1433
2351
3002
262
3956
2251
4919
3600
4777
375
831
3419
1274
3608
2101
2658
715
763
219
973
4590
2746
3257
474
4054
1794
4938
612
894
3971
3557
1283
154
3015
1058
1148
982
2039
1139
2203
222
2
4277
2230
1478
1087
1567
4484
1227
4062
2419
1677
4881
2882
3450
1483
991
4113
2645
2314
856
95
4937
964
1299
4047
1075
3121
4469
516
380
3405
1805
1639
2030
4169
2369
130
4400
1414
2943
796
4775
4896
1982
70
134
3472
2486
894
2022
4460
2581
4497
4793
371
1116
519
3796
3211
4281
1281
1107
542
2710
622
3594
1773
3458
1463
3305
4155
871
831
2583
165
4940
1431
3979
3776
3563
2489
4046
4011
3381
2811
2725
2823
605
2622
4070
1764
3115
1136
40
1110
3106
3479
1952
4193
1555
4551
3081
872
2003
4150
3548
332
2867
1749
2753
587
1230
3297
2637
1774
2329
1636
428
3032
2750
2902
4688
4132
2033
3383
2690
2838
4071
1322
3657
2821
4067
3130
1249
1127
4779
1392
2246
4325
474
80
4713
2329
1712
3376
3050
798
2399
3539
1783
942
1447
4557
2547
1746
1628
600
2290
2077
1438
3150
972
665
1234
4136
4121
4711
4087
550
660
1617
3075
2520
1371
1587
2679
2900
717
745
1633
361
2765
2890
3112
2604
1950
4886
1397
1329
4168
2643
2488
4780
2498
3510
1128
1544
4032
2808
1799
1432
3719
1687
3277
60
3566
640
3253
2166
1247
3521
3133
4910
2071
2675
2305
483
146
1072
362
2851
4139
4745
947
452
4778
2683
2421
299
1574
3531
4004
38
4918
632
2057
1269
2091
928
4536
3286
2120
2646
605
2034
4956
490
3339
681
3487
3904
917
3949
1275
3822
2529
1758
1765
593
1617
1313
1132
4687
468
1951
3466
91
3221
147
4833
820
4082
2332
2687
1646
1119
2012
4933
3989
4740
1344
732
295
1053
2145
1209
3938
1624
2642
1515
191
3052
2538
3114
3245
176
108
443
2248
3410
502
4633
1147
1425
1656
245
2899
1277
2165
1537
2222
3717
1270
2514
2701
3289
4229
2829
2158
2378
2167
2259
2205
1127
2894
1183
3635
1865
2566
4336
2063
2096
1574
1426
1365
2015
4265
1730
1556
3814
3014
329
2237
2231
540
176
1888
1819
2426
3278
3633
382
2286
4638
3979
1376
2269
2796
1683
181
3035
3273
577
1583
1874
2869
3394
3819
3288
949
3314
3762
2117
661
1400
3152
426
4167
4170
4826
3768
4029
1515
4908
2500
4535
3395
2866
4400
2590
1433
2909
1758
4811
23
2677
2008
884
410
1619
2949
4205
1886
4948
4521
2466
2372
617
4106
4016
4575
1938
1630
719
1505
885
2211
1106
3987
4529
3096
1754
3829
4759
2442
1312
298
491
4641
2354
1520
3512
805
2616
398
3778
4555
1863
4095
4416
4164
2821
1663
361
4919
2782
3691
3213
2765
3775
3205
712
4262
1393
512
4379
1763
1072
1145
4460
2516
1005
4695
2311
4699
4777
285
2668
696
1306
3253
2019
3845
2403
335
2918
4141
431
130
1902
1257
4438
3554
400
4228
4643
267
3072
1768
2749
4789
3871
4799
3597
4457
2650
3391
991
1682
3331
4304
533
2759
1812
655
4512
136
1401
4880
2872
2551
3349
1055
646
1106
4728
2688
3376
670
1303
4881
117
862
3020
3492
4553
1347
3320
3161
2219
438
2486
2875
3550
2085
1874
777
2181
3018
3146
552
3586
2546
2044
280
4000
3180
1536
2172
3199
4784
2535
1582
4304
1403
52
658
339
1400
3345
3433
2309
3736
166
1737
3101
1190
2214
147
2401
572
1570
4638
2021
1658
2706
730
60
2897
817
271
3993
2770
3320
2726
1560
2556
3118
3961
3921
510
3142
3383
1925
4473
2481
4050
668
3826
2535
3381
3446
1799
96
3984
4128
3528
4215
3422
2898
4088
4265
713
3838
1971
3211
1692
3788
3410
1450
3896
4236
3989
54
3635
2387
4649
554
271
3697
4770
3933
4311
4778
338
3764
2735
1829
1747
2916
3588
545
226
731
1754
2318
4060
3150
3301
1939
2157
2592
1561
3956
1478
3354
4030
2366
903
2118
1990
1678
2590
2736
985
2678
2238
4855
1172
1314
3700
3776
677
83
1654
3532
17
1057
1733
1547
1058
3158
2700
4633
3115
2256
1409
2544
3622
3424
2819
4919
865
65
805
1129
2899
4082
419
2264
1869
2512
1098
4763
583
2014
3893
2606
4960
4342
941
3202
3219
3637
280
1204
318
2586
2701
218
149
3935
1855
12
4150
283
568
4295
1534
510
3512
2127
3004
4087
606
1934
1188
891
4334
664
1639
3503
3660
2610
1720
2992
2544
2018
2762
3824
3067
4736
3865
3468
1872
4533
1935
795
2446
1578
2584
3602
950
4965
2815
670
448
2112
1818
226
546
963
4636
1370
2891
3963
2713
2654
2853
2330
639
1891
706
848
3172
638
3609
3394
1602
1035
4104
3715
2658
2885
3412
769
680
1703
4871
3513
483
4810
1969
2837
2440
1208
2658
2845
2103
2480
367
172
1438
3675
915
4700
1220
1951
208
2588
2209
1401
1462
1673
3117
241
2914
1147
3270
4288
3611
3514
2709
2861
986
1168
3603
3857
776
2305
3936
1911
2725
192
1013
4800
1173
3204
2611
4565
2757
883
1803
2102
3695
581
4535
436
3882
484
88
2570
734
4722
4938
2177
1318
4148
4509
2820
3318
4550
2014
4969
1671
4279
821
2929
3825
1358
1160
2457
3681
357
4568
3242
3771
4725
3938
2823
914
3707
1776
2197
3557
601
593
679
1860
2744
1607
1410
2380
1484
4351
1870
1358
3168
1847
3391
3399
2164
2667
4723
579
4172
288
269
2916
3091
2028
4641
482
4592
2965
2017
4891
2616
4546
4175
4453
1772
2479
604
3312
4172
2645
4648
3346
371
1745
4091
1518
2245
1076
3883
3461
3263
3275
4063
1143
2126
2031
3252
1467
1923
495
2381
1333
3622
3653
3593
1736
3824
4239
1720
3029
3373
3343
453
3834
3249
4933
3363
294
3458
2850
1505
1972
1879
1745
4239
1727
1367
850
598
2389
3333
2430
2915
1046
1171
1218
4444
2598
2037
2365
3206
1697
4007
1572
2095
1431
4169
1425
3815
633
4050
904
2580
2635
347
1210
2454
1729
1653
1836
2048
1407
3693
738
1441
2676
4743
1993
130
2263
3394
707
1624
509
1226
3910
1428
1617
1579
2375
4025
3925
1965
4595
1149
4911
4003
14
3564
1472
1376
327
2554
2393
2260
4684
56
895
2979
2714
1401
1130
2655
4872
660
1680
1039
4452
1500
2815
1704
3462
1839
3122
4307
2500
2444
139
4263
4869
3929
2834
2465
3106
4420
21
3297
4666
4592
3633
4214
3797
2434
1471
124
1603
1580
3451
1917
438
2177
2553
4615
965
1074
4433
645
179
3513
4293
856
4783
3645
2647
2703
1173
605
4673
4380
3381
4616
911
3713
2642
3684
3503
2186
3246
3846
2317
2029
1092
1210
768
3160
4534
2050
2857
1938
4640
2060
3525
1821
2133
2079
4841
106
4744
3655
1373
3629
1357
1202
4940
1434
866
1801
1546
3000
4440
3427
3567
3702
390
3702
2572
732
1112
1055
3883
1610
3804
372
3628
206
2125
4569
1061
1314
483
1232
2554
245
2491
3620
2253
3731
4299
2479
2328
575
2657
26
1280
3960
452
2646
2716
2337
475
4185
2327
2246
877
859
34
2908
2265
185
2285
968
2038
1657
4751
3971
2973
3719
2645
4420
4686
2608
2751
2926
4273
2621
2257
1219
3151
3386
2289
2458
1303
199
2956
1125
4980
3815
46
134
1191
1736
2209
2331
1738
2298
2445
2327
133
3243
1930
1475
1292
890
3826
4149
4656
618
394
1360
1805
4154
1394
4420
1268
4899
4867
1919
2218
4657
4449
2100
377
4069
1089
595
1125
1714
1988
4450
826
1512
1948
4802
4828
3917
4503
3884
846
3234
1770
2190
1719
2765
3168
4865
1946
51
3179
765
142
617
4826
103
3589
2466
4668
1185
1496
283
4907
4483
275
509
3332
1769
1917
635
607
2852
1643
2885
2330
3446
4110
2692
1458
976
2209
1696
3501
726
519
118
706
4286
2965
4245
250
916
60
1267
1835
2114
4306
4795
2202
3366
1705
107
2601
1780
1984
3491
737
4022
2712
4224
4754
481
4298
1305
232
1794
1567
3401
4560
4265
1240
4927
1164
765
3239
283
4115
879
3806
1594
1237
819
4783
2052
1125
245
4635
475
1680
2512
4406
1071
3949
2189
3283
2928
3797
3122
1253
827
4661
3505
3446
4304
3458
4170
2211
3603
4428
4859
2495
170
3606
4511
422
239
1461
3365
197
231
3638
4435
1361
3761
4045
4915
1533
1043
3412
3557
689
642
529
1548
215
3672
275
1501
4062
4315
630
909
4693
755
1268
1219
2648
4092
758
1806
1567
653
3348
8
1656
3480
754
4091
2553
1635
1012
3875
1274
3446
251
2949
2779
2527
2480
2285
2866
3394
2984
1966
320
621
2208
718
4164
923
4115
1776
543
1142
4106
838
4818
1530
1123
158
2141
2192
630
4548
4786
2729
4859
3337
202
4636
4728
747
4678
1938
1394
3741
3824
1935
3202
1408
4658
2627
730
561
1223
2066
1927
997
129
1033
145
1867
2235
1170
4017
2441
1056
3793
27
3890
4380
4736
468
806
3698
1161
2637
3562
3557
4978
3745
4153
266
3453
4979
3763
2765
3064
4388
3718
3316
3531
4684
1818
1530
4064
3950
4113
293
3136
1065
4095
2273
4603
3635
6
1645
168
1433
997
167
2158
429
3978
3572
3841
879
4758
3235
1978
2320
4160
3787
152
1778
4852
393
4572
4764
3589
223
4068
2925
3984
1977
1445
1958
3356
4457
2110
1605
1695
4902
1227
2031
2834
1913
511
2086
232
224
1454
3116
4947
3470
2146
2574
4656
3722
124
1284
3516
4487
22
3504
4670
1116
4510
4189
3326
3981
1333
2690
1847
4074
2600
2191
2370
3535
839
2431
187
1924
1805
4119
2327
2437
1416
1158
2694
2012
2425
2125
4006
1477
2317
4801
40
3451
4013
103
1015
4049
1763
2791
1494
132
967
2268
1160
1439
89
4851
166
4359
3151
2538
2781
512
3913
3491
4279
1359
1915
1928
2099
1033
4627
1225
63
36
1676
501
2212
477
2449
725
2914
2818
2518
2415
4174
2305
340
225
1794
1921
3812
2764
4180
4503
4014
2940
4729
155
2770
3589
1228
2212
2974
1824
2481
3065
185
4438
2407
2762
2559
4412
5
4710
4414
1039
4380
4798
2097
4074
4470
3530
1379
3518
4093
1594
3447
282
2679
696
669
3795
592
2748
1807
3589
3352
4256
1501
4763
1247
2382
3613
1947
3903
3982
3087
341
601
1260
448
1022
906
2010
1646
1776
2015
2025
4060
3164
606
2038
4493
259
4711
2363
1854
2081
4811
3699
1319
3115
3076
4498
19
3834
2358
4412
937
3545
1893
3789
2833
1404
2126
2481
2443
3305
2138
1949
2284
4411
1000
2141
162
1716
1106
2759
2803
1339
4539
1544
1305
3855
1399
1255
3536
4683
900
2071
4099
4362
3704
928
116
4660
2467
127
4803
2130
46
1732
208
3718
4660
3493
4564
2391
1456
4322
3389
4508
2991
4081
161
2902
4415
1779
3814
2043
600
1398
2982
3601
1714
2132
4440
2639
1808
1268
1797
3298
3788
3192
41
959
698
1951
1091
3067
2137
1651
3006
4371
1703
4893
2024
4969
20
3343
2851
3109
3611
2435
3963
4253
2460
4915
1911
4597
574
2288
2467
2882
571
127
3573
107
4307
3969
4638
553
3686
794
3396
1657
524
2628
302
2488
4735
740
0
1943
2628
4749
4919
4174
478
2164
447
4429
2499
2404
1819
2977
2299
555
484
3620
2918
532
3303
4913
797
2550
1424
1198
2077
2070
2675
4450
311
209
268
17
891
1812
2469
3406
1694
3751
3089
3440
4633
894
1366
1704
2805
3938
576
2522
3347
4297
2220
2
3401
1401
1306
3001
2834
3067
23
872
428
4437
3249
3980
4953
4392
4732
4083
1734
4300
764
342
2336
944
4660
3207
2311
1190
3767
244
4651
1910
4726
2933
583
1042
145
1715
4275
3299
1961
25
2391
330
3653
2352
4676
3321
3027
1061
2613
1579
3986
182
3742
264
685
421
1276
206
4563
931
4733
3925
3429
4609
57
1617
167
3859
1729
1046
146
3974
4271
4007
1849
3292
470
3335
3483
3525
1580
876
1153
4256
3069
4400
2697
1770
1545
330
890
62
1505
956
4672
1423
3070
3022
946
1130
531
1884
4434
3039
2228
3036
2253
136
1055
1466
428
1147
41
1159
786
4661
2844
31
2687
4472
2432
122
2492
526
4496
4221
768
1326
3959
3298
2179
399
2098
293
1185
1331
423
1969
2705
3630
3462
4810
1926
1854
3567
2844
1525
1973
604
596
1384
1764
2408
4589
4235
2619
3241
4463
1070
3295
4522
771
1450
4875
3924
281
3263
3450
4406
1805
3396
851
267
3832
313
135
187
1099
4362
871
500
3977
3253
145
4106
725
4406
4044
588
4098
896
1793
3489
4682
3159
710
3515
1457
2267
3325
4428
4995
4640
1826
4590
1826
3892
1501
4327
2540
3177
676
1692
4277
2027
437
2621
1970
340
2146
2698
70
1535
2845
4284
719
129
927
4455
4027
766
372
4894
968
4099
1753
632
2153
240
1953
2874
2464
1433
883
4421
2272
2413
3416
4977
3210
30
1676
1810
2155
778
731
4489
2091
4769
1494
871
1033
600
2262
2678
2837
4558
2168
368
4310
133
4050
1876
381
483
2861
4469
3266
618
1419
4590
4086
3820
1491
2404
1265
3459
754
3618
2916
2375
1948
203
577
2345
996
1043
1234
1689
2552
4622
2320
851
3609
4310
3325
4567
921
935
931
3817
574
2341
2382
2174
1158
576
608
4840
4243
3111
4300
2827
2537
3203
4133
313
1293
717
2167
747
1489
1459
1342
1714
4701
2847
4238
4741
1248
688
4539
3459
4728
1037
1170
3443
1582
199
3992
1690
1317
4102
1025
4429
916
1167
1003
320
1666
1589
4701
2646
3274
558
1066
4705
2959
4319
4746
485
4130
4450
658
4728
2058
414
4435
2797
2146
3456
289
49
2585
4657
2629
4533
1078
3704
557
4149
2187
2706
3274
648
3540
4375
2315
1618
39
3023
1760
3094
566
3484
1457
1544
3459
4369
375
1594
3035
843
3971
4157
2447
2000
2327
3914
2727
3198
4994
2857
2879
3348
2080
2602
862
911
976
211
316
1878
335
2289
1197
1830
1934
3794
1924
1493
4176
243
2913
633
2879
293
1325
3049
319
2933
4670
879
4882
1236
3094
1420
4525
4780
3457
2012
3539
4213
2495
4036
3049
1838
3534
2377
458
3408
396
74
1932
2039
2315
4945
4379
2938
3438
1654
3252
4838
3123
757
853
2278
3210
57
467
270
3645
1769
4323
4391
3535
4041
621
3933
4730
252
462
1048
612
2025
29
936
882
3676
1976
844
3488
822
1992
2461
2247
2919
4139
3782
1320
1019
1208
583
1689
883
2712
4715
1421
3902
1291
3118
2648
2735
440
2811
868
25
226
4932
3965
2264
4239
963
4972
3794
3850
2058
4770
230
1036
1750
2619
1299
2806
1281
261
604
3690
3423
161
2018
1979
3521
3721
3811
2258
4601
4947
2074
4034
453
3789
2231
4799
55
2409
2433
354
3932
4131
1096
1208
916
17
2048
4996
3578
1138
2187
2841
1956
2018
2022
3821
2693
93
1311
2843
1057
2657
4709
2719
1273
4985
3408
3423
3080
1344
3299
16
4580
643
544
1615
3057
2450
810
3962
1579
4040
736
3581
1562
3048
3401
2169
2771
3011
1915
4722
21
2599
3089
2920
3521
4058
636
4409
965
576
2648
2260
4546
2025
3603
2585
3149
3183
3130
640
1203
2790
1900
4391
1689
3100
1411
1591
1011
3899
1776
1025
3603
1629
1534
3797
3444
2688
370
956
1679
466
897
1799
2262
638
851
4510
4904
3199
942
4646
1796
4157
4638
2117
521
4742
4396
336
2021
3823
3661
4407
420
395
2364
958
180
2194
1306
3024
1926
1862
3157
3719
4584
1250
1711
1151
1305
4508
2577
2044
4516
4012
687
904
2745
4869
3701
1402
3296
3484
3114
4196
56
2799
988
1459
215
1305
1525
4476
4378
4403
1468
629
1879
3268
615
794
4073
675
2128
1418
3412
3404
629
3265
1786
3634
2061
4238
222
997
3991
3712
830
3772
3581
4340
158
620
810
1474
3211
985
4263
1050
1245
740
3076
3401
3664
3527
4549
2264
2652
3021
2826
4542
340
1677
1908
4741
4997
1880
693
2947
336
4264
4944
90
1737
3148
1097
777
4104
1065
205
1020
3288
2892
2917
2922
1502
373
2255
526
1524
3726
3950
145
4303
3965
2603
253
478
1293
1467
4189
4900
4020
2339
2875
1264
2072
1562
4209
938
1819
2118
261
2577
817
4506
2215
1051
2856
1822
4668
1668
2719
3983
3848
3843
954
3201
640
1873
1269
1802
4790
1819
1039
1656
2152
1242
2449
230
4731
2402
1982
4755
4939
495
790
524
4199
1743
870
1755
1299
379
2914
687
2261
95
4125
1382
3908
4509
4016
3801
470
2661
4345
1783
2754
457
1742
132
4829
381
4083
4795
440
780
952
1426
1857
1745
2567
789
4545
4003
1324
2902
4287
701
1518
59
2819
3836
1917
4576
4781
5000
2194
3988
2999
4799
3883
4288
3149
360
502
602
846
4131
3358
4090
3748
1543
730
4892
3516
4448
2306
144
2778
2198
2571
1660
4071
3812
2652
3693
2319
4108
2226
3806
2512
3784
1081
2367
1703
12
2660
3882
1213
4827
1670
930
2338
208
4338
3045
1993
798
177
3972
245
3865
3050
4104
4650
847
1646
3239
2999
2665
532
3127
2226
494
1194
2362
996
306
4950
1219
591
2794
3116
1304
2589
1564
2481
1017
2971
2069
2087
3744
4078
4458
1521
4425
3260
3259
1626
4628
1431
2501
1393
2840
3205
4392
1792
3602
2308
3360
2509
1470
1140
2511
4680
2454
3205
995
1574
3825
4594
3716
2630
3877
294
280
3338
4760
4990
674
2984
3803
2975
1265
57
4320
1210
1389
25
4518
229
1360
1441
3979
1949
442
2930
1793
664
1181
3467
4740
2471
4874
1516
2891
4291
2163
355
4964
160
859
3999
3581
768
2203
1044
504
3929
4383
3703
1487
4897
2088
1586
185
4032
4499
89
843
2528
2634
4814
3059
4137
1665
1882
1177
944
2076
3165
1454
2712
1870
3609
2489
1257
3093
2610
4816
976
2717
4680
2220
4760
3394
4287
3713
2567
1274
1270
1836
4668
3698
472
1869
3520
2192
376
2607
4506
4281
3864
3902
4592
4908
2028
393
1970
2846
3978
2239
3361
4951
3237
142
1040
1493
2394
2514
2426
2111
634
572
732
1085
1801
283
2012
471
2606
4623
1475
4179
516
771
3599
387
665
98
980
3206
877
3246
2859
1093
4773
549
1043
432
1953
565
3176
4803
762
793
3217
1572
1664
669
166
2502
3763
2606
2194
1698
457
1014
4997
1244
3279
1286
4134
980
3307
2100
4335
3135
1506
608
384
1557
1053
2330
3009
1356
3825
1422
4626
2533
1663
3650
997
733
3625
1047
2015
135
1990
142
1515
3559
3216
1045
3896
1346
4468
1858
2884
4517
1306
3200
224
115
982
1600
349
227
2646
2713
3543
873
4364
1947
3914
2364
390
2912
675
3384
4924
1924
1736
3165
4474
1102
4970
1775
4064
3296
2762
127
4934
2540
2266
3114
67
2119
549
4089
4632
99
1865
169
1608
2695
3020
3275
1843
4737
2381
2639
2804
1151
2244
4572
639
3362
3141
3107
3302
1517
2921
4605
2198
789
1526
1466
4838
1960
3120
2060
2312
1419
4263
1291
1739
663
1579
794
3120
467
2421
2458
675
1408
3248
2046
949
1601
272
1246
4896
2113
1474
3503
4098
4210
1332
611
3325
219
4502
3014
3334
1922
1489
2409
3533
570
3087
1466
2780
4758
4932
2467
4556
1767
187
761
4228
1466
1004
464
4756
2238
1228
2126
681
4244
3325
2125
65
1479
832
1733
1002
3727
2072
3362
3341
3697
4665
1585
1201
3601
1289
656
4734
2859
2125
2879
2190
2085
2751
2330
835
1761
1919
1688
3189
2506
4688
4881
3330
1885
2405
2755
4899
3595
1155
3517
2413
1811
896
3360
1645
397
3948
2315
232
804
591
2542
1130
1156
2316
4010
1516
2117
2444
3159
4676
4181
382
1117
128
3069
4213
4295
3570
1229
3354
2308
2339
3242
2756
3216
4729
953
4214
3331
1043
3284
4040
344
2999
4316
3736
3273
4993
3527
1394
1721
3319
2933
4213
370
1202
454
409
1552
2376
438
2670
838
2376
4571
3686
2327
3957
3486
2862
2960
3663
3464
2856
2788
4870
1848
2133
719
424
3938
4289
1240
2413
4297
535
1081
1570
3256
375
3408
1795
206
2574
4203
1052
3408
4053
551
185
851
2284
2754
3860
1075
4352
1666
631
3133
3170
2013
2939
620
1346
4794
912
682
2012
3448
2214
1180
4354
726
2427
1388
922
3635
630
617
3385
1423
4388
545
416
2097
2833
1330
4999
1914
2594
1038
823
1185
1936
3565
1404
217
1814
4671
1314
1041
623
2722
2815
1354
530
16
578
3198
2648
1389
3675
3766
2664
2472
2971
3741
1591
3240
1501
988
422
2529
4613
2333
2783
2094
4071
3484
1545
3489
2731
3026
252
169
2624
1284
1406
1764
487
2556
4072
3637
538
1782
1227
1175
4508
3270
4343
4603
1418
2256
3364
1446
2371
2384
122
3247
4812
323
1111
1767
559
3637
1063
3530
876
1796
1017
1941
2368
901
1679
1297
4822
4958
1414
3607
2364
3564
1799
939
311
1070
3557
4574
3009
1633
4559
623
3786
3446
4409
1010
172
2705
2286
2140
3292
82
3209
3270
1254
1329
2677
2632
1535
3694
4680
1359
2185
3639
1175
2098
131
1998
3790
569
447
2674
3208
3847
849
1476
454
666
260
2893
4123
824
3054
319
3647
3109
3255
4233
1313
858
4846
2606
4299
3432
2933
2576
2889
1181
2527
1056
3674
3262
2454
3698
1915
3030
2785
2255
616
4286
54
4699
2740
966
276
2593
3650
1226
29
603
573
752
4154
3294
2501
1233
1344
2285
2163
4551
537
1245
2936
3358
1806
3497
265
2613
539
3375
3613
599
1563
1450
3577
1669
4230
2281
4660
4262
1008
1496
1639
882
2484
3806
32
275
3001
2511
1887
4589
4667
1475
4191
1200
125
3695
2113
2524
2518
3338
3822
204
642
2074
3580
1365
1115
672
2699
1801
4470
4105
4968
303
323
3638
4362
1782
3496
1367
2523
242
117
412
176
2309
1813
980
4517
946
3523
401
2971
3878
3691
563
659
3976
2363
3268
1680
298
1473
2916
288
4632
2319
1503
4243
3313
2269
1491
4968
3708
3477
3166
979
1845
2349
2640
3803
2623
3048
4268
140
2036
4886
2045
1464
2211
2494
2559
2867
850
3617
251
2759
4436
48
3095
4085
372
4304
4429
4389
2675
3805
1835
4576
2375
4990
4331
2268
556
2519
3323
2296
4735
20
3408
4145
4809
4565
1943
3180
1960
1348
4029
2348
148
319
2791
646
337
2362
1252
4156
1392
3781
2193
759
571
4070
3469
4248
1537
3056
703
993
1670
4356
444
1127
991
4718
4574
4122
4541
2892
1
1689
2688
3027
1952
808
2989
283
1399
2443
131
4083
1466
511
3818
4471
4142
2279
613
4937
990
1205
482
4775
3474
265
4312
1564
2818
2319
4144
2017
2289
3220
695
1068
3384
4337
523
2449
2144
627
187
1785
4397
3866
836
1617
4967
4864
1089
372
218
4725
147
1467
1720
1457
3810
1172
493
2281
962
1337
1772
2582
441
1499
4113
3354
4769
4326
3590
3820
3345
886
1641
1510
1056
2010
158
317
2829
3497
1401
1232
2584
1866
1167
3333
4549
1008
94
337
2595
710
1002
2455
2616
3303
377
2330
4431
4153
3673
3638
716
2315
3072
4252
247
2701
1764
2916
3952
910
1237
528
4354
20
1704
2726
386
463
1637
1239
4050
1607
2059
3718
2233
2392
4866
859
3926
3483
3161
968
1133
3927
2777
2483
4888
743
202
142
3602
605
1173
4763
1656
2751
513
1276
1201
858
1050
2090
2208
509
2623
3756
335
4375
4483
1955
4006
2179
3422
2132
2756
3810
1828
2253
2796
345
415
4283
1948
2502
1336
3979
2563
197
380
1055
2361
3208
1245
2348
4124
2742
974
1458
3984
1251
347
2147
598
2881
1424
3256
3696
3140
4977
1960
1963
188
1250
826
182
3983
1072
566
858
806
4152
3407
795
457
4350
1587
1495
3645
456
1678
732
2484
28
4691
4270
4845
3663
901
1929
3862
1192
125
556
2800
1085
1765
2751
3826
1172
2037
4430
3568
3044
1179
1686
245
3941
2272
2888
167
2781
777
2460
4466
3077
1891
3000
4568
540
899
2616
1543
1426
4852
848
715
1663
2826
664
3270
2180
3255
3575
3021
3338
3188
1243
3837
42
1451
4816
3734
1958
3850
3768
2750
494
1170
2169
4625
4749
2817
3013
3680
309
2669
2518
855
4791
3474
3184
2716
3320
2510
3228
2548
4681
4754
2234
2728
2430
1828
2894
153
361
3035
815
4815
2495
610
4036
904
4587
2729
3095
2999
1690
4688
423
1843
647
213
2832
4490
3032
2136
734
542
1249
2165
2378
2575
4559
2922
683
3008
431
3130
785
606
2976
105
3263
2606
3415
441
4399
854
4170
4372
3522
4456
1702
2211
920
2851
3972
2358
844
3706
586
1517
3723
960
1334
2678
3615
892
209
976
1352
4226
585
2976
1922
1706
2959
4498
3948
3293
4491
3610
1488
1709
1564
3443
4783
3980
2477
1288
183
4824
3604
1569
4343
2397
2412
3624
3993
4548
565
4917
1745
3939
419
2127
1726
1260
13
4948
3095
1059
1918
570
2560
2698
3369
3854
2781
1527
2401
2158
3318
2224
3511
354
2795
3862
1127
1176
4834
1424
205
3729
4455
2705
4020
2813
1795
2101
1967
2806
912
4055
1628
148
3459
2063
3621
2125
1531
531
1281
2783
3386
2011
1347
176
4202
953
33
2566
3257
585
3432
3763
2992
3181
4917
3180
3120
3908
4047
594
2494
1884
1316
2984
2241
2757
4425
669
4209
2960
334
3869
4770
1904
3752
1539
4170
1736
897
1218
1023
1638
4613
4036
4660
2182
319
4258
1870
1369
4308
102
2266
1071
1821
1445
4369
1043
179
3945
1710
479
526
3470
423
4096
2966
1451
2099
3434
2470
2371
2836
2503
3718
605
2252
1220
2184
3896
1620
3021
869
1323
2371
2306
1505
1948
3252
962
3652
1840
4259
4447
2042
299
1241
161
3526
3424
1182
736
1650
1386
2503
1108
3546
492
120
3200
1154
3366
2283
175
2988
753
3745
973
4639
1565
1401
400
445
745
4799
4848
3747
4883
2759
1685
1102
4705
2866
2489
620
1511
1240
1998
4729
2225
871
3489
4315
756
2250
4687
4984
1392
3350
4382
2479
4184
3737
23
3988
1325
603
4667
1488
3408
2386
1332
1432
1279
1857
1701
244
3346
440
4724
1267
838
3138
4383
3509
4809
4018
2261
3473
4975
1936
1775
3265
4885
4819
1039
546
2980
2199
3279
4792
4408
473
4540
2546
634
1648
3845
66
379
3367
4919
1688
2329
3808
2339
2023
1623
2491
1378
3975
1976
207
2087
1149
28
4384
734
1448
1078
2834
4220
709
3773
1477
63
4150
1226
1761
783
4382
681
692
1526
656
4204
4098
1276
4593
4644
2212
1061
1538
2137
1500
2879
35
4932
1808
1942
4157
2491
621
3491
1662
3045
29
501
4938
3550
2740
1846
3936
2981
4960
1265
131
2701
175
1506
2402
209
2366
1415
2347
2867
1335
4709
275
3966
570
807
1200
594
3623
4018
3131
585
402
692
2512
3536
1153
519
920
2823
4426
4704
3209
564
4768
805
1388
2005
2312
319
4880
1918
4559
2299
901
1618
2630
4015
171
4732
1465
124
3740
3176
1508
2094
4535
4150
4590
4988
2278
1407
915
4652
2515
4275
4397
574
3398
4378
1051
4501
3218
2473
3741
1761
3465
800
1286
1568
2029
3521
4794
4126
4097
2188
2434
3402
1503
4329
3902
2596
867
53
1963
2764
1807
4049
3837
2980
2800
718
2222
3465
2041
4222
776
1670
432
1239
4471
4009
30
1545
1979
4202
1258
4107
1373
2161
1744
4513
3727
383
1525
200
1977
4008
2142
1605
1121
3280
4874
611
1874
2260
3326
587
817
4762
1248
17
836
2963
1334
2124
1251
991
4263
2774
4460
1458
4186
1109
1962
4550
3309
106
2773
3897
713
4632
304
1961
1885
455
2927
4245
183
3729
2271
4005
4578
404
363
61
4861
618
795
2061
832
2685
2472
461
2821
2567
3062
3760
1724
3681
3040
3486
1470
2858
4771
1439
4775
1770
1244
1628
3022
2848
2339
3224
2767
4721
980
3551
2899
2818
2587
4677
3437
152
288
578
9
2765
1971
3069
1488
494
1642
2143
39
1443
2857
1058
2009
1734
1793
1090
618
2575
3708
3706
141
944
4720
1689
1104
3789
2394
4726
463
2678
733
2602
3174
2624
4659
4998
3771
1392
4850
2549
3803
2586
4459
1555
2963
4337
1952
926
4042
1816
1163
1435
3014
3864
1559
1044
1892
99
4241
3865
2812
4049
4038
4564
2572
1800
884
3458
1724
3417
3041
159
4049
2224
497
1129
1230
4229
2038
2744
504
3209
4440
3788
3609
4467
3344
4263
2119
4284
407
1836
4534
4239
1772
3345
4059
3149
1430
2057
2714
3191
4535
4277
1595
4494
2914
444
2384
1176
1478
3160
2275
3131
2602
603
3901
551
1563
4002
4866
383
2501
3617
2195
2273
3983
832
1324
4334
338
1868
2791
4691
2291
1984
624
569
1910
3253
683
1763
1565
4871
3923
2230
4666
3651
4548
37
114
4534
2115
1174
4850
1112
3277
3366
2054
529
3117
3452
2672
4818
4986
317
3373
3671
384
2596
3710
1843
2366
997
2078
3884
3920
4354
1743
1089
421
3733
3067
138
1452
935
575
383
10
1784
4778
948
4327
2872
55
3603
3779
1517
558
3042
1259
4222
1098
3822
2888
3472
1359
1752
3034
2623
3202
3543
3376
2031
3598
3406
2219
2683
3820
2192
3308
213
3890
1682
2139
1464
4063
4007
2866
395
726
1577
393
598
4577
335
4155
4434
696
3338
2633
1124
3899
3564
1717
3746
60
3011
434
402
4752
4226
1066
3159
2463
98
1568
1300
1138
2583
159
4174
932
4605
3834
2309
3980
613
4518
3180
3251
1282
1381
986
3017
633
196
1744
444
2632
1639
115
2332
3334
396
780
3744
2412
997
4262
4901
4506
18
2431
2873
229
4926
283
1859
1888
4313
198
125
2072
4614
1001
4692
621
2781
79
151
2565
1980
1048
1007
3827
4322
589
1158
2080
3876
4892
1075
1881
3787
4863
116
4866
4845
2576
2325
552
323
24
1529
2741
1660
2537
157
2400
3192
4088
1453
347
968
1695
1250
1409
3387
217
4465
1943
1484
4775
3098
1506
1490
1283
4174
474
904
2588
514
1622
1318
1153
76
328
2983
4625
1132
3466
3294
299
1797
129
2642
4289
2860
2017
4049
2418
4136
2081
2932
1999
970
2648
2904
1630
663
95
4941
1382
4819
881
4746
2827
793
1258
4648
3875
360
3780
1933
4823
1040
3303
2180
4262
590
2441
284
4526
2516
1420
702
2852
2948
2656
3715
959
3142
2313
2165
4296
1888
2738
2269
3780
574
4193
2245
4557
4378
4693
2710
3893
373
646
2053
1853
3519
4707
4210
70
3820
3898
2337
2894
3312
2420
1596
4445
4276
718
617
936
2696
1296
4768
1261
2027
3879
272
216
2442
2253
138
1094
4469
2404
869
3272
3984
2767
2700
3858
209
66
3213
3652
133
3683
1204
1849
4672
1056
1167
1879
3708
2587
107
3174
3561
604
2751
3668
903
4973
711
3432
2104
2676
1764
693
4809
4732
1842
1890
714
2717
4306
3696
1972
653
873
819
1274
775
4753
900
2411
4571
2062
3078
2600
3502
4844
3697
1601
4988
2375
1964
1693
1635
4010
2797
3145
3410
1404
4213
1776
1257
1657
2024
3948
1699
3157
4659
1740
1705
678
1585
2318
2137
1930
1351
4599
1183
4006
2286
2401
1898
2288
3401
4060
1699
4176
2536
1633
769
3139
2069
1706
104
1904
1909
1670
4884
4823
3488
596
2920
1077
3484
2965
4868
1917
3487
3495
1638
3292
3996
4423
2232
4596
1809
206
4131
2196
1062
4472
1242
245
744
4529
4754
4520
894
2305
2432
4086
2548
4778
108
920
4886
2679
3740
1217
639
95
2868
3592
1051
346
4445
1586
4138
3003
3507
3071
3799
3583
652
2908
1183
605
3478
4577
4189
3510
4031
3916
4965
327
3963
3006
2815
277
2194
468
775
4848
3952
1393
483
1107
3385
3602
1925
4962
2180
2402
2138
213
4519
4990
1681
469
3396
4980
1808
4501
2994
424
3988
3995
1263
2967
3567
3366
597
4528
287
609
1746
1015
2524
897
1900
1364
4594
1004
813
3619
1744
1099
292
4573
1192
1530
1636
927
2504
2749
632
10
216
4405
1559
2035
1638
1114
1245
235
4614
2643
1955
1842
1142
469
4231
3111
4457
1225
3382
2988
1481
1233
114
1720
2714
4139
1943
1524
997
1214
1882
2218
4371
2053
484
3738
795
2643
2827
3111
2622
3086
289
4394
4576
1062
1009
2997
641
2056
2176
4603
2253
2702
2521
710
4905
2753
2532
3169
1279
4954
1375
1344
2292
381
1980
508
3543
3631
2029
2891
525
4249
1310
951
4803
477
3635
2694
2931
3409
26
3162
932
2546
3513
1737
4307
4771
1003
2328
2774
1742
3439
3132
4938
4698
538
2073
3890
3550
1398
3527
4660
317
2354
2697
4767
4234
1596
2016
3464
3765
308
1191
893
4367
1019
1976
2049
1698
4964
4368
4713
3149
1562
4774
3390
2727
3419
3225
4044
129
939
3187
3714
649
1300
3112
4452
4948
2380
532
4494
2316
4711
1284
3713
18
2126
3355
4378
2446
336
3648
65
1765
1161
446
3312
1826
4505
2125
1021
4352
3126
4255
1497
4246
2108
4045
4274
188
2099
2026
1165
2357
1002
1632
3008
150
3619
3714
2664
1102
4119
3970
2230
3438
115
3540
3791
3995
4915
2531
4500
994
4054
563
4703
1979
2050
2406
3920
1849
2098
1730
439
4593
4725
3795
1130
3665
1441
109
3929
3627
551
893
2184
2809
4929
3361
733
1411
4617
500
1739
855
4516
2391
4614
4897
3407
2941
2351
4548
2344
1325
466
4903
4736
1629
1399
491
1232
1580
4246
3388
1026
577
1335
542
4569
3963
696
890
4124
2689
2656
3529
2230
2003
396
1456
2842
992
3959
2228
805
4473
679
1040
3204
4590
1406
1581
3328
848
343
1162
1407
2550
2594
556
4933
3620
2593
1119
4491
1352
4212
3557
2383
879
4105
1983
1491
4737
176
2090
1306
3520
1702
3163
72
2198
4713
1679
1690
383
1836
1828
3639
3636
378
564
3845
2050
2688
3731
86
1579
2102
350
1548
4179
2383
4214
4339
2414
3402
1822
2902
3328
975
1073
4133
2341
1382
3784
3277
1338
156
979
744
4027
607
4301
3823
423
2365
1693
822
1289
760
3802
3231
1816
4220
526
1913
3401
2540
3439
3809
1907
1594
1978
1954
739
214
1921
1442
1314
2393
3310
3525
3980
2401
3760
1013
4657
3663
1454
458
3465
3352
1529
631
2380
2034
1239
3053
4369
231
4445
1404
4248
1238
2725
1183
3176
3744
1137
3695
429
2985
3694
3323
4349
4152
1956
4559
3818
440
3029
2762
2229
4551
3780
3876
3681
55
241
2144
2589
2852
1138
3294
2326
477
2571
1708
3805
3782
273
14
1948
1493
1107
332
3823
2987
3466
4995
4489
4438
4379
2046
3460
2765
219
23
2741
3172
2130
1880
399
3280
299
711
1799
2229
411
570
4072
3102
3656
71
1120
2596
236
2519
1155
308
586
2019
4702
290
872
4239
2478
138
4837
3055
802
856
1149
3272
734
3134
3043
2352
3074
71
2550
4280
3795
3217
2175
4392
176
3328
4874
3396
1231
2945
2171
558
3937
4980
4211
2508
827
318
419
3884
551
469
1176
2869
2666
533
967
1072
4703
1626
4931
3198
2852
2143
2206
1507
2795
1375
1220
2556
3469
4771
3102
1933
890
75
2349
1638
4491
3456
2468
351
3891
1721
195
2769
4259
2332
1698
2191
526
712
3139
3229
4493
4400
1684
4103
1339
1243
2883
134
3419
626
3746
2159
705
569
1269
3652
3446
2905
817
4990
1944
4445
2440
1147
2481
1356
3882
4653
2527
2959
166
3588
4260
476
4033
1797
687
3090
3110
1810
1699
1853
3800
4180
510
3268
972
4422
1572
1289
249
4500
2277
1361
2940
3955
1596
1933
2727
4867
4674
4120
4179
1267
3299
4594
4238
596
3863
4429
4790
4345
1219
3534
679
2332
1649
637
2257
364
2813
2736
413
2502
2210
2541
2441
994
2005
431
3395
3936
687
603
2451
2107
1121
3020
2771
2276
1411
2891
3219
41
1565
2251
592
3952
4146
260
3869
1207
1178
2342
909
2318
2207
3176
3559
2071
1402
3650
3139
2124
198
3400
4661
4722
4534
216
1664
1701
2555
3462
3332
3981
1848
557
1306
2767
9
3769
1959
4454
4041
3938
2896
1963
252
812
3550
307
316
4893
4706
3856
2056
3623
2898
3275
3177
2150
667
3968
735
1780
3010
90
4012
276
3310
3897
2695
4523
4552
1457
1612
629
3023
310
241
3111
4845
2668
2644
1737
1861
3251
4323
2503
4425
771
60
760
1631
1100
3607
302
3700
2842
3369
4199
884
3231
2642
4395
4848
1345
1929
4256
2265
4765
822
3394
1748
1132
4576
4958
1631
1894
4281
1393
2843
228
1022
2789
1354
1514
275
2140
331
4484
295
1624
4331
4744
3972
3681
2918
3789
330
2624
2087
3058
4859
1797
972
987
674
4604
366
4991
1192
1765
4695
741
4199
2644
3197
1089
4059
2758
1398
3345
2998
581
2748
412
19
2797
1243
4541
1053
48
2208
1453
3361
1343
4405
3599
3328
2227
4370
216
234
211
1166
4719
3864
4542
4311
2633
2496
2739
3878
1063
3054
607
718
3604
1105
4511
4710
2666
636
2343
3909
1533
390
2946
270
346
2764
4810
2044
4401
1333
675
3080
2344
4351
899
4568
3114
104
2789
1082
2057
1567
4974
2154
4615
3996
3943
80
3
3446
1292
1726
3418
387
2100
2504
1988
4269
1915
2276
4072
331
2220
3668
2114
61
2867
3170
1965
2317
962
1499
1820
3546
690
3151
3437
1910
1868
2056
1704
2218
720
1218
3084
2545
2190
1914
987
1499
764
2209
4919
3355
1799
803
1373
1530
3637
2034
9
1549
3203
3257
4162
3525
3498
2438
4759
46
879
4447
1234
1986
4883
1737
1204
270
1184
1181
1425
3174
622
12
2861
4676
948
4764
4704
1591
1835
179
2766
4434
575
1891
2898
2177
3415
927
1892
2820
1992
3469
368
1149
2309
892
913
1188
474
928
3461
3613
1720
948
1907
2784
1859
472
3307
3674
891
1571
2685
1818
1496
2578
692
2471
1426
3857
1148
560
3039
513
1426
3171
3030
1779
1739
3834
1035
3652
1728
4970
3564
4698
4600
3686
1308
2486
622
4045
4670
3970
1909
999
1732
2901
3521
2973
2248
1957
4695
3346
2508
1076
2272
2116
3045
2357
138
1495
1197
2025
240
2228
1624
3038
1572
3766
3959
543
3938
4566
4076
1697
3974
3488
4941
85
2368
85
2108
2514
4934
474
1238
1365
1851
4880
2627
3
2263
1677
2174
2822
3024
972
109
3767
919
4696
1827
1251
3854
4399
444
1792
2648
13
2665
993
2065
3574
3733
537
1192
4920
2422
1157
4650
1191
2480
1957
3962
1099
303
2996
181
1848
2499
2405
3202
1292
4817
1393
978
3839
2688
2854
324
4982
3265
2666
221
2735
818
3129
4190
1644
2140
939
702
3610
884
946
2473
4625
2039
4138
4593
3337
3242
1033
372
3659
2417
1857
2534
3245
2382
4508
1857
322
3524
1248
523
234
1332
2347
4879
2590
1592
304
581
3063
3783
186
4734
175
3424
3017
219
55
522
2755
3542
2275
2003
1476
755
3043
375
4633
1264
1107
4812
826
2203
4334
1443
4574
2835
2846
2098
4556
1481
7
1928
4990
2376
3813
3920
504
4331
1147
4026
4466
1822
141
3838
954
3953
4792
1787
2134
24
4929
847
129
2269
3363
1591
1683
98
2253
1793
2566
66
1035
4272
3390
3424
3587
2041
2648
1978
1355
4947
783
2414
1706
4
1171
3214
2348
4938
4707
1009
3058
3238
1988
1578
1249
3720
4338
3405
2633
7
3918
2382
2801
3503
4441
1132
1761
4721
137
1519
3793
3213
2881
518
96
3235
4341
3476
167
4651
535
4555
3215
1481
4948
1529
1984
741
1458
3115
1723
2882
2301
3951
2563
4349
3760
2382
4279
1248
3298
4626
3867
4720
729
3260
961
1388
1163
1914
537
4487
2130
2391
2872
4656
4424
4067
160
1536
756
2588
2012
4451
1579
4677
2639
1970
2450
4286
4606
3264
403
1284
2587
4636
2015
1394
859
4671
1435
88
810
2278
1958
3172
413
1962
2705
4447
969
2559
967
1041
4667
1097
3023
4470
3719
1334
2640
2579
2116
295
1061
2020
1559
1864
3218
3672
568
3411
4598
4567
2242
1824
2344
3554
1743
489
2254
3469
4667
163
1852
2921
2839
2094
2010
1556
1018
72
786
997
3171
1455
56
674
225
1278
147
4700
614
290
2499
230
2850
661
34
3282
908
2443
2944
245
2110
507
890
1836
1130
4064
1860
4702
1423
3393
527
1364
2809
1510
2347
4399
320
2020
793
2088
4671
874
2162
4734
1784
61
4404
2331
4478
1849
4287
2200
4219
2953
3194
3322
587
1520
2764
1525
816
1937
2600
1273
3056
2581
1463
354
4716
4739
3012
2068
3930
852
4717
2349
493
3335
2014
2605
4931
1154
2666
2301
280
3899
524
2612
2010
790
2322
4648
1748
2848
996
4707
2918
1907
4948
4547
4117
514
1846
1102
3263
496
4233
125
3794
1996
1519
169
4501
2392
4642
1828
4647
2946
2271
1866
2110
4394
2775
2775
1299
4773
196
4810
85
1314
3377
4066
1523
235
1661
4280
4526
1270
3889
118
4333
4060
1527
3550
1867
3249
4182
2606
2270
3430
548
4634
2353
3900
1539
155
2149
98
4007
4422
3692
3816
3038
472
1070
220
617
1921
3255
3149
2035
1534
4824
1279
4975
2132
2156
3231
4359
4770
3167
727
722
4702
2882
1531
133
4346
2578
2709
1726
3848
2626
3710
2628
4708
1422
4367
1827
2970
4202
71
3895
3055
1345
4141
3055
3836
1946
2496
3956
1768
720
1180
2490
2245
3594
4633
3022
3454
930
2463
3672
4784
1689
1484
2715
495
147
1466
499
1601
1871
2786
2638
4441
42
2405
214
4669
332
3557
326
361
611
2103
3267
2135
2527
132
1541
1663
1150
3488
3958
3084
3200
4442
738
2095
2109
117
2328
1152
1678
2167
3304
3762
4890
4032
229
3103
4554
1277
2069
2316
1887
2310
4262
1173
3010
612
3899
396
12
880
4952
4838
3159
7
2618
4318
5
2122
4035
1887
1023
1974
572
4636
2697
4022
1827
2306
1604
1178
3584
3249
3660
2658
3242
3086
1515
3243
1784
3229
2661
3470
45
2525
1246
4029
75
3588
2129
1319
3363
3229
1523
1086
3763
1758
1407
575
297
4607
4922
3362
4984
4320
3410
1667
696
3531
4267
3080
451
3210
1002
2131
4189
3322
4661
3634
3308
800
1842
4750
1849
2066
3472
2969
140
2601
3491
3931
4719
4261
2164
3054
1020
2
3680
2664
904
2858
1704
298
332
2236
3609
3167
2290
4099
1516
4911
3853
3466
873
957
1516
4446
1919
3973
1072
180
2023
1993
1892
221
2435
1134
549
310
2080
4947
1937
2813
179
2426
4269
2746
820
2154
1345
354
4676
228
3959
4642
3780
2756
3181
1114
593
3339
335
4127
675
243
712
597
4053
2530
3138
3573
2354
1010
124
372
797
2112
4739
2724
1873
3404
1077
2815
2915
2608
4978
160
189
3397
4219
1973
204
2123
1880
3546
949
2359
2260
3199
2323
593
2460
3662
540
926
48
1133
1645
2124
1633
1235
538
2732
2764
1369
2530
733
2901
1933
323
3167
1960
1623
146
2036
1531
1926
2182
758
2480
4995
1230
1029
2362
4993
511
199
2854
930
1186
349
4476
2350
3950
2460
942
600
730
2329
3897
2417
2237
1089
3057
3825
2330
4912
1985
2226
1542
4360
35
2648
3972
4660
3565
830
2275
3605
174
4219
942
2565
2439
4525
2076
338
1172
1484
1705
781
1541
2378
1821
2156
192
4265
4044
4933
4418
4559
4029
1356
4614
2518
2966
1895
4197
4446
3137
4119
2967
686
3344
1362
4328
2920
2718
1159
2806
2462
1097
4593
3514
3130
562
632
3765
3866
95
1404
805
3507
3012
2603
4697
2357
2613
1565
2561
2960
463
1759
2145
4181
2272
4989
4663
2080
4275
1219
2915
3900
1528
4621
439
2064
12
4517
735
4401
4509
981
1603
4736
4153
4302
2019
4613
3224
4320
1066
3500
526
2507
2949
479
1357
4046
1534
2092
211
2781
668
3097
4304
4072
4813
4349
2323
10
4623
2880
4989
976
1372
4990
950
2547
4876
1431
2630
1462
2295
2043
4127
1084
1107
4517
2913
2020
3202
285
1822
1847
2952
3738
2712
1812
3772
3464
247
889
3901
470
3455
516
2079
1019
801
1010
4285
1347
1809
3881
705
4572
2664
4249
3906
3694
3467
1985
3109
1138
1004
919
3216
2513
1488
1823
2395
1201
1600
824
1368
268
3811
2154
3100
1193
100
1029
2822
359
4256
351
1463
3687
3139
1428
4123
4570
1531
2667
1567
1371
3021
1238
395
1965
2351
2138
2099
2664
4798
1064
312
65
3641
3027
3452
1119
1910
978
4086
1397
2147
2537
3306
4229
2615
1851
3325
3401
4298
4611
1296
3248
4898
3316
2218
2103
2935
1980
11
734
3322
1056
2814
4045
2513
2621
1791
254
1054
739
2166
3780
1874
1150
2914
4885
1524
2952
4105
2836
3174
4017
4655
650
2561
3096
2437
398
1159
2927
4596
4370
1250
1218
4210
3856
1444
1080
1412
3597
3494
3390
477
4829
4045
3096
1606
4887
2593
4201
2311
754
3784
4972
3644
2464
2003
1332
827
178
319
1137
29
3076
495
1772
4163
843
664
3134
1324
1692
3021
3516
156
4951
716
2093
342
1779
1920
502
350
1427
3736
614
440
3122
4281
1974
421
2771
3463
660
1823
4669
1338
3376
4522
2205
4622
1397
4102
3396
3491
4972
1666
322
927
2518
260
882
3432
1033
3350
3824
4319
2501
4091
3673
3817
2711
810
898
624
3430
3434
276
3585
3724
4231
3678
4215
838
267
875
1592
2584
424
742
166
3331
4365
3595
1121
