2000
1607
463
1526
977
101
1828
373
899
1007
439
1002
1416
145
1399
1673
309
1511
1822
1398
103
504
288
607
855
455
1652
1225
1383
1702
1032
1310
1442
1508
1149
108
1986
867
1138
388
841
1172
3
1666
109
1481
1489
333
1578
56
948
1969
185
1016
560
1089
805
204
1964
1230
1827
1966
744
353
26
166
1479
515
466
1423
1421
189
1166
600
376
661
497
1999
1428
819
256
1679
1928
1419
506
554
440
234
988
664
1306
1684
377
1715
332
2
1630
1856
1756
1030
1867
1520
151
1366
175
1634
1831
580
581
1981
1815
678
354
1292
278
628
1905
452
1267
1583
636
1330
1843
375
1846
630
780
100
1048
1210
419
837
343
671
1954
1288
1923
632
453
1170
947
1391
322
81
89
1926
254
1173
631
1896
279
79
1125
1927
456
1214
12
197
228
262
488
280
933
763
1990
177
367
1938
403
1123
85
1444
1159
1718
9
1023
708
1890
613
1130
643
179
1944
1549
1361
302
859
142
427
681
328
815
552
114
1996
561
548
512
601
1960
501
90
1842
1375
252
1768
611
269
1725
1826
68
748
895
834
1165
477
821
1245
1934
1271
484
1573
519
513
141
163
1540
1360
1919
1631
1161
980
1980
1793
814
1670
1
1132
1412
161
43
1325
83
292
1699
1018
1324
1703
1689
1989
1680
1315
1985
1233
118
1240
1379
1995
1862
133
1250
1181
1983
774
1237
301
1738
1228
926
1096
1139
627
64
1460
378
1953
1613
156
1825
1281
653
1502
1569
1869
1278
1197
1770
1859
308
840
1839
753
1475
99
1115
1219
386
1385
1686
435
626
998
1223
621
337
1135
4
686
577
1259
296
689
1072
1955
251
102
1864
922
1523
446
1585
20
1887
717
1477
411
1876
1500
1488
384
1494
263
1031
1283
919
775
476
1897
1171
751
1809
527
970
1531
1038
1555
1601
1336
1490
1700
1364
247
669
1483
1775
499
173
400
231
1492
1860
334
313
336
405
1512
587
1628
1717
73
1459
1027
1936
571
479
1692
595
937
590
348
1547
1622
609
1729
1348
1821
1151
1866
558
1352
363
1377
987
398
563
927
399
1882
1050
289
57
1567
1304
1850
999
1643
260
168
194
733
714
658
1422
434
1900
886
1982
206
146
839
1404
1749
1090
1193
1118
1544
1668
324
1565
1654
952
383
693
787
1961
1153
596
1956
586
1286
1618
1234
1987
1124
1180
1967
1410
1736
62
1947
426
514
1737
729
1554
257
1467
0
659
432
1313
663
77
728
682
1062
723
5
267
1397
385
217
1321
851
1604
849
1145
1920
1376
49
93
731
1812
761
813
198
1792
1008
1648
261
306
931
1642
299
646
1013
1722
1884
1177
1351
272
418
1266
1451
1841
169
32
404
218
1448
1728
1914
394
1777
1343
1688
1141
1581
1453
8
553
1434
498
258
1521
752
1998
582
1411
1265
1458
1627
341
1036
140
183
1485
1694
1006
1344
425
1800
1790
1633
1855
1347
1358
938
1635
833
720
1046
904
1506
1094
307
1576
458
191
1012
1975
1645
769
1973
602
1112
516
538
1784
1714
331
315
1167
98
207
1137
1148
422
335
829
1871
934
995
569
1227
1803
670
474
1660
1951
293
1075
1311
33
1611
1146
1514
224
620
414
209
1917
606
1454
944
902
1213
1010
1176
644
1723
1713
41
1609
1950
1813
344
1020
550
408
1883
485
1787
44
662
991
1657
767
1493
481
167
244
345
791
1035
1290
401
1625
482
1067
226
533
1814
1726
1439
1895
691
16
319
640
776
522
1835
1939
929
1403
1081
711
872
72
1168
642
891
719
105
951
1543
1473
475
1761
502
1088
1646
1595
22
1495
1838
1811
1577
1683
696
1345
850
828
1659
1647
268
1464
598
541
487
549
1009
1710
1158
992
684
1255
23
246
1260
1557
1709
1755
28
979
1226
1971
437
509
1617
1169
1456
1262
1242
1291
199
1575
1776
91
282
178
1833
1550
1626
1333
1183
42
1970
1021
1586
230
824
1515
986
1054
1711
1327
888
14
735
415
853
555
1452
1672
264
1539
111
176
48
726
370
702
1771
1727
1131
1552
1004
982
1274
472
928
706
1818
193
1001
1774
1185
1619
793
1863
1047
1474
1937
1429
428
913
666
835
870
1104
1584
316
1861
1024
1707
715
1486
1349
1671
1120
1918
493
1930
1637
1433
1269
984
253
127
1463
80
945
1076
1782
1589
1466
881
106
816
1073
915
656
271
1202
1958
421
1880
1435
1418
1098
1093
1392
1113
1948
1566
1805
1252
755
778
707
1160
575
379
1743
792
1431
688
1217
312
1507
624
371
1295
1424
1757
291
1820
1588
304
1865
1204
211
564
430
1408
676
1258
1716
1636
588
1701
1639
854
1662
836
1941
772
1307
24
1370
1256
320
1340
543
1720
1342
567
734
619
1068
1066
1829
1396
410
1558
652
1436
451
1590
1704
1612
356
122
889
1564
6
1740
633
95
1043
1063
1187
557
58
894
1943
1667
1150
901
442
1142
1962
1946
583
1129
1134
1551
130
1033
1904
672
1162
1786
441
362
374
777
326
1606
1661
1303
1587
1801
615
976
1437
1675
276
1000
1374
1099
1449
1778
1541
1753
235
84
1984
822
159
1381
940
1791
1834
1484
1851
1133
958
174
1571
528
433
885
112
461
1472
409
701
237
1195
1532
1445
1107
651
155
1545
65
811
1690
768
978
318
462
789
893
823
1620
1339
1190
925
402
1748
818
1480
1691
981
539
1840
321
287
448
747
285
1194
157
704
1885
1915
1548
1574
1069
1052
229
1229
1517
903
1542
1241
339
1186
413
1832
1519
660
584
483
1844
956
679
242
240
1563
248
1236
1270
698
1305
290
1102
182
277
1697
152
779
1909
1804
1854
1083
284
536
535
1734
148
1760
923
1152
884
547
270
1356
160
317
730
201
1114
87
1005
874
741
232
1443
1298
890
1106
1426
705
275
423
1785
1365
737
1175
1272
34
1487
784
1212
1178
1849
524
471
129
144
965
727
1591
530
954
961
654
975
389
1765
712
1140
1446
675
1095
1119
1478
1239
429
709
1974
1754
121
349
1406
171
1817
520
396
1537
594
591
1022
668
1061
147
205
1819
618
1082
1100
732
120
810
1649
898
241
738
1371
1746
617
1216
347
1594
1101
1733
1921
1188
233
38
1836
1696
424
496
75
1908
1556
18
830
1086
1602
798
650
757
1205
71
368
959
1823
1676
612
1705
1810
1857
1536
281
1796
1110
782
1077
1724
45
1553
566
1977
917
1320
1029
110
1174
801
188
943
1111
1614
1122
655
597
545
489
608
783
107
29
526
1184
914
537
1534
505
1238
848
381
974
392
407
172
1338
1893
540
486
1126
1121
416
1450
1279
137
139
962
61
417
760
53
210
1874
196
227
1207
603
1505
1562
1268
1357
1496
852
1732
7
445
1346
1913
1655
1758
699
1794
1249
1498
1041
467
357
355
1976
739
803
687
1772
832
298
743
66
382
1420
806
1064
856
568
1393
532
245
1525
1807
1528
972
1297
1899
1997
1906
882
572
300
939
1028
1326
69
1889
1744
1108
665
1215
1482
878
1808
1294
877
1706
1179
1276
754
1752
1751
1858
781
15
758
1886
610
113
1457
184
950
88
1783
1350
921
13
847
1881
1910
507
657
846
759
1603
238
517
1503
883
551
1332
1264
1903
27
892
1916
842
1499
742
565
1317
745
1596
969
192
1847
622
710
1402
796
1687
1907
1085
59
1359
454
1034
96
128
906
641
786
97
190
1518
1243
941
1789
222
1441
1280
1638
1331
1497
1806
692
589
900
329
134
1367
1222
31
469
680
1247
1572
153
492
936
756
1353
1328
494
843
960
966
1163
1354
86
219
1253
310
1319
1988
1538
1363
1296
158
804
67
918
1510
1940
736
703
297
1071
690
1042
873
436
1057
1221
236
605
740
865
1289
220
1218
283
1117
1629
1530
1763
807
338
1026
1719
1011
989
1039
1769
1301
500
1244
443
1192
1308
1798
771
1837
1949
770
74
1155
1802
36
1300
1251
1935
1742
1873
863
1524
1779
1559
930
350
380
997
968
39
826
1762
143
1598
1127
1157
683
1872
444
1387
817
265
1933
1206
797
880
1658
1721
132
1624
953
200
119
450
1380
164
1273
1322
573
1355
325
910
216
1147
503
1922
1430
468
508
746
964
1470
990
1156
1455
1231
395
909
788
1599
546
21
1735
725
1516
1386
47
412
1593
1425
1663
480
239
364
1040
1199
1070
1739
460
593
1600
162
1476
420
1037
1491
718
1065
221
523
1698
1650
1932
802
1334
629
1299
457
1078
1759
861
1049
1413
1015
983
700
638
249
1201
215
868
1074
1373
1189
812
1462
470
967
592
695
1894
773
303
1246
1681
820
1103
1678
935
647
795
51
1656
1795
1848
697
1579
973
1407
1415
1224
1044
126
887
1389
1017
1248
63
845
1682
1888
305
187
1208
1712
346
1853
1852
570
1087
1382
1615
1378
574
1401
578
1003
1341
955
70
635
1395
1509
911
825
1994
449
1527
92
1695
35
314
1182
1257
637
259
1957
579
213
1665
649
1674
794
1019
82
390
1309
1335
1440
1261
1091
916
1275
614
1390
1731
361
490
585
117
295
721
673
860
1200
912
1911
478
1468
1952
473
1560
1879
1323
1055
1797
1092
431
1293
149
1461
1318
1580
1644
40
138
1641
674
531
11
1465
1830
924
125
521
764
1232
464
1640
1741
1513
1203
1978
694
724
352
920
1209
406
1959
542
1438
1621
1788
1084
1892
1400
1316
1561
957
871
30
1533
447
1902
879
838
685
1745
1284
1164
1432
1546
1529
1263
1105
1597
1191
1942
1058
1388
372
369
1592
604
1362
1196
37
286
599
115
1302
844
1891
104
713
1669
808
949
862
1993
831
266
639
1605
1968
1780
60
223
365
1254
556
116
1965
25
625
1767
576
790
1747
1501
180
1235
677
1405
1824
1287
391
1282
52
510
1025
323
1664
1870
327
1616
1781
875
1653
78
1608
55
1079
932
150
963
511
1963
1799
623
1898
154
1447
858
827
1080
359
10
491
459
214
1979
993
1632
994
465
1014
529
785
1677
907
1154
1053
124
1708
1059
1056
1220
799
749
212
1868
1582
1693
1568
1471
202
559
186
46
76
351
1945
366
942
1651
1277
131
1109
1925
19
1972
135
294
525
208
1766
360
1369
438
1816
1143
866
358
123
1427
896
648
1931
1417
1845
1045
1924
1409
716
203
1469
1878
1912
250
1877
273
1929
800
996
1992
905
634
243
1991
1623
1198
985
971
1773
1750
181
1901
562
876
1372
766
255
722
544
534
340
518
1610
1128
667
1060
765
616
908
54
869
1764
1570
170
762
225
1314
387
1504
1051
897
1535
1211
397
1522
1368
1097
195
1144
857
342
393
274
750
809
495
1414
1394
864
94
1384
50
311
1337
645
1875
17
330
1329
1730
1116
946
1312
1285
165
1136
136
1685
125
1917
1556
896
21
280
409
1980
370
882
22
544
704
1698
1462
1261
1157
1063
239
767
99
761
965
1229
797
1489
317
1476
1017
1114
1572
1119
1527
1049
1281
1306
1793
1628
1529
422
1427
416
1586
543
300
1717
378
669
1877
149
1272
824
690
227
626
1215
1111
1441
49
395
829
949
882
1359
6
252
415
1555
1069
927
1710
178
592
1781
552
1648
1730
169
1724
368
365
1725
1012
1300
677
912
409
118
355
636
739
1303
1456
1523
259
1463
1168
747
1941
740
1985
1655
1936
1718
340
1145
1840
522
731
1572
1366
30
1940
1863
1437
1085
53
1335
176
1626
584
11
1147
1810
1801
1550
250
832
701
1694
1920
1899
310
86
606
23
1787
1237
1604
1122
951
143
528
462
990
1410
793
1274
953
1914
560
1697
1235
1807
821
17
338
1409
1981
95
314
519
850
1704
1135
1092
1884
155
1561
571
415
982
1069
981
645
1310
394
609
445
467
32
1531
196
803
1640
591
1091
77
1504
1536
616
377
1046
1140
1546
1526
1367
594
136
276
24
656
833
1220
133
1670
1145
1501
584
1158
138
1408
1340
352
1929
1389
274
529
1003
967
1204
1772
1800
1302
1608
1309
1711
748
1352
825
554
1771
592
361
1203
1620
519
41
262
994
1409
1708
1193
1705
1476
930
1226
953
1609
237
136
312
1526
656
1188
1631
986
1033
1209
1202
248
193
1642
1782
488
817
1867
1647
1722
1031
307
583
1453
393
17
1414
1231
1993
396
590
549
586
527
1718
141
1058
981
186
130
112
64
1936
1872
976
1217
1054
1369
637
1331
1515
1592
1751
1369
1587
1571
1909
554
1807
1910
140
1993
228
1806
1008
1914
474
1843
1563
689
624
265
1372
1533
1215
1624
1633
406
1932
1163
1768
259
1121
1863
722
383
766
589
1209
1068
140
1009
1380
952
1859
1755
1657
1424
1085
542
1858
1138
1434
1815
659
1495
981
792
490
113
1590
534
1640
241
1578
624
1103
1293
1872
65
269
592
118
376
664
1682
1075
1349
500
10
1113
37
503
1343
160
703
244
77
1063
699
1784
1284
1323
38
882
1477
103
444
1083
695
123
561
1064
856
13
1123
1442
513
205
300
1204
1038
270
1500
1877
220
1969
1350
215
291
739
1978
127
390
1563
883
1878
760
1293
33
1567
1938
210
1018
154
995
987
524
1832
1159
324
1559
1744
730
38
857
1170
1935
1023
1897
666
684
1957
1176
167
361
1673
1797
396
761
185
336
294
1447
1433
1793
335
965
259
442
1683
1473
1916
1706
1361
873
793
707
772
272
1089
159
1267
1969
613
1870
438
388
1038
51
810
1775
1157
1792
294
479
217
271
1951
375
572
371
89
663
1871
1662
1647
273
1839
404
1428
424
784
320
1659
346
1993
85
292
768
352
983
1769
1587
1672
1595
24
929
1064
1437
241
1552
1294
97
1730
1186
692
716
1
1994
641
675
1002
991
499
627
1754
1806
1851
1524
1739
1508
1626
1064
1888
1308
427
616
756
1334
256
337
254
617
1026
1082
1640
1066
1123
218
1792
125
1590
536
1710
748
402
466
199
598
1331
1410
1602
1721
1409
1294
1753
1539
1045
943
418
405
153
853
238
714
991
1240
1969
1270
1525
353
356
546
775
683
1656
39
1509
1748
380
1993
39
1881
128
695
31
1041
1754
1135
1310
1880
1289
727
889
1231
713
10
413
1698
1527
639
1265
906
1301
160
443
1492
63
458
1381
1986
1647
1824
513
1824
382
357
203
1273
1948
1050
702
1947
771
292
682
249
167
465
1605
336
1168
1421
559
492
1738
592
1306
1627
508
1930
889
290
1161
642
680
1039
1316
508
109
1486
199
649
1630
112
614
499
1060
1353
591
761
414
1178
708
1271
1864
1326
1213
329
1468
1128
1687
1026
1914
1373
514
328
165
846
538
1891
782
1081
803
934
1429
559
1227
1388
1325
985
714
1671
1776
1767
477
485
1250
1690
308
1044
730
1555
1416
1256
719
475
801
1482
1823
1476
1703
1123
1797
1984
632
1625
1596
1921
1833
1641
863
1488
768
694
1859
562
994
0
568
695
1112
505
1819
917
631
4
1040
1509
1392
495
366
380
1125
1459
43
28
1453
697
857
1580
1546
1343
833
1270
489
348
224
768
1130
928
1743
1053
1681
1967
392
1668
1387
63
229
1377
853
320
970
1755
234
332
950
806
843
1919
1799
601
132
1993
476
1571
45
1713
1662
42
878
716
1713
308
38
942
1799
713
94
97
647
888
25
628
1740
714
815
1813
1264
1044
1578
1618
235
497
177
957
807
463
179
1358
358
488
1046
61
261
1604
17
1504
1554
1709
278
1713
269
147
484
1652
1707
1121
540
1847
1041
1536
242
75
1679
762
1383
1000
547
458
1618
1301
1643
1422
1426
634
458
1716
917
1112
1978
97
758
1356
1624
1311
393
1774
1879
832
1752
664
1786
1343
672
315
1666
1498
1342
110
644
301
772
1625
1951
1664
1392
225
348
949
1519
1396
951
794
878
1864
717
70
1393
1246
822
769
136
333
1925
1620
910
1852
718
1060
163
1536
376
1289
797
568
1922
52
139
756
347
144
1818
1837
332
1479
140
385
1289
920
1285
1150
1017
1800
247
1809
897
1560
1841
879
1656
1125
1603
260
1206
917
325
281
990
16
1865
1052
1406
29
287
747
756
1375
1223
1232
1971
1248
268
308
791
973
511
477
277
929
817
618
391
150
1717
1697
1238
761
1125
726
377
382
1988
287
653
1413
228
101
1413
1403
329
1230
1876
1283
1678
745
1960
1190
102
73
1514
41
1093
102
323
1519
81
1152
1522
174
1795
757
1259
1670
1906
1525
161
879
1314
917
215
642
1641
1393
1220
267
1378
757
901
1053
1110
221
696
1287
1991
1563
182
1542
415
1817
208
587
1769
1039
909
1326
1165
952
802
1091
1746
1409
404
1404
719
321
1626
1055
834
1071
1478
1626
373
128
854
1604
126
1968
1718
1461
727
467
392
1976
1309
972
854
496
364
1566
695
490
858
66
1473
1090
179
1736
591
744
1878
225
115
1363
1645
891
124
934
18
1326
1403
675
400
1000
1043
94
281
692
112
484
1479
561
1065
363
52
111
1944
634
13
476
1322
1277
1636
721
722
418
1429
1495
51
1608
716
846
1806
1817
1109
1198
1000
308
1843
1535
1024
1520
5
1175
1008
238
326
274
593
831
501
503
1364
374
1605
1800
1774
1102
1445
1738
355
191
402
470
679
141
1435
1198
48
226
1061
1412
1424
766
1120
72
563
1260
746
17
1988
934
67
127
1668
603
577
1438
1997
192
325
844
1859
1333
557
1182
1405
1370
1947
256
611
305
1990
1901
168
1077
447
734
410
1116
1975
6
487
1593
655
1549
131
309
480
1882
375
1391
221
1623
1564
1761
261
400
1785
149
893
748
1752
776
126
1616
1135
238
1130
1296
1102
502
277
711
1941
687
1121
1320
1752
1611
1307
1350
1685
1027
197
1
1877
443
1427
578
1714
520
41
938
408
719
724
1910
1998
959
1689
1013
599
962
1212
1804
1220
1488
306
1882
940
1477
344
792
1727
1428
69
1027
311
732
333
142
577
1754
1304
1137
458
991
1410
1334
1453
115
932
1958
1036
1353
1476
463
989
965
1032
1257
1511
188
1552
1433
1324
1547
565
101
90
219
1021
1018
317
1283
112
618
423
222
1871
250
915
271
1348
395
1190
1074
293
1366
935
245
269
126
1152
263
1884
465
325
1567
701
1279
773
1344
201
1870
367
1932
43
701
1927
1895
931
1448
664
925
1871
636
940
534
791
1163
1770
1688
503
753
496
1374
195
1816
834
1065
101
969
1633
1556
1883
100
1182
524
959
1362
305
31
1943
761
166
1268
654
1648
1111
524
626
4
464
743
672
522
1278
1898
1404
917
746
1775
1446
1162
1509
1150
905
611
1011
507
870
161
1997
1968
1857
1989
978
1884
602
752
1935
76
1822
1546
1007
393
926
1472
1411
594
1265
1474
213
203
326
1740
1722
966
941
1810
358
1026
1303
545
852
817
1994
1668
1383
1822
761
389
1979
1070
467
180
1183
710
331
461
215
462
1593
1621
1948
1173
1551
1237
695
389
1262
538
286
1688
1929
1084
894
1002
970
1837
1450
289
933
885
291
1163
1018
268
1801
1767
1006
231
1344
119
108
535
151
1507
375
238
261
1346
740
211
580
1957
1942
1464
482
1796
1770
1274
1046
189
132
920
1488
90
1225
440
693
259
1679
1415
937
1955
290
591
813
191
1576
750
891
1381
1543
1445
815
529
981
958
457
1478
1440
1025
1521
587
1056
760
1898
1363
1210
65
410
1346
598
229
232
141
1987
1207
1415
1137
1305
367
466
742
207
823
1896
1797
366
261
1995
1640
1862
571
787
242
1151
91
1720
575
1155
479
368
1116
459
776
1110
458
647
533
764
1183
1233
567
1506
830
1332
1203
1143
776
1401
119
1679
1955
1282
432
245
842
779
187
563
1093
1614
826
1937
1818
1942
282
1626
1700
550
1155
1157
867
1482
415
706
52
1886
1711
1507
947
606
1466
1037
1102
1246
631
1855
1004
1051
206
1139
1133
1665
1146
274
1395
639
785
477
1970
1272
1463
1913
1652
1387
399
1867
1361
901
1140
660
717
1717
1287
1166
609
433
858
1064
1502
1527
124
639
1920
1526
1286
334
720
894
1286
230
684
1525
585
913
1627
1964
1823
1732
1787
1473
857
531
190
1382
1990
1642
549
1282
143
1881
1579
983
111
591
757
1012
599
91
1592
731
65
1166
571
1317
851
1989
1647
981
1878
150
908
1067
664
840
94
538
799
376
1537
139
1183
1801
1864
1875
1150
700
260
1699
869
1009
1971
926
825
1133
1670
1793
1628
1836
1192
1886
878
1144
844
745
1863
1866
390
1031
1594
225
1501
1411
1714
113
1455
1411
1344
1774
1589
1834
920
345
1049
1168
1624
1690
262
1391
1483
335
670
111
1485
147
1794
100
32
1378
1965
1158
1374
1916
1681
338
1440
361
375
1247
686
1100
449
195
1544
1147
643
1895
100
1501
1777
617
1257
693
954
768
1484
462
1270
629
713
632
1099
1968
1956
1586
1094
1760
800
1416
40
1487
288
2000
1535
1855
1157
1036
1486
264
1997
1318
175
1889
645
1758
1143
307
489
547
802
1024
1122
187
1747
537
187
1348
778
1603
1813
507
1334
1099
684
846
878
136
1465
1197
155
1888
40
390
424
350
1645
834
172
1458
1283
697
519
1192
1205
237
27
1182
529
838
141
81
1769
473
1036
823
1676
1711
1570
163
389
1795
1273
116
114
1388
1135
686
151
1532
1293
1293
1444
1080
1140
151
1333
153
105
402
152
674
35
247
964
1650
162
1717
1912
1820
691
888
338
102
1217
1243
1217
1664
1837
507
1837
869
273
862
949
1958
834
1893
1097
421
101
1422
1434
1919
1923
365
1567
958
1375
1675
361
1230
1960
1039
1784
126
154
797
1567
1225
1466
732
134
438
209
445
223
1180
1640
648
1387
570
1462
233
1198
1222
678
1707
1344
1285
1132
1059
437
651
41
1889
31
610
1741
162
131
1200
61
826
842
725
1685
944
904
18
1007
266
1154
864
1589
1451
1484
191
579
1930
1360
558
913
853
774
379
1935
1557
1984
1340
1426
1955
789
1069
142
28
129
794
1540
497
1386
1328
559
370
486
767
1209
1389
1547
946
1315
161
584
674
453
39
1218
600
354
707
1377
1762
1680
184
1405
200
1798
1194
1923
143
407
1864
204
317
1791
361
1535
782
539
53
629
567
1677
1912
510
265
512
995
67
312
1577
1012
12
1133
1231
1319
1059
1545
829
1420
824
1770
709
1035
645
1619
1607
486
517
1383
354
78
881
950
1402
936
236
1467
411
256
832
1941
365
991
823
1909
137
1226
1279
711
1370
1419
1960
1717
359
1396
1983
1912
784
305
784
544
1687
93
1207
342
866
1832
456
1152
190
823
1473
1493
1350
476
1276
817
403
232
809
1659
502
142
1291
1686
1061
794
865
1301
1810
386
216
210
1058
1356
192
416
316
1744
1468
1695
1216
623
1934
1632
267
1076
1202
555
1368
1593
841
1933
712
1390
681
1189
310
470
1763
705
1508
1378
1062
597
1082
354
402
1660
177
825
95
673
1578
1744
1838
608
564
1710
33
89
1854
1958
551
1269
825
273
986
1708
1090
127
1757
470
879
1240
1936
656
328
199
854
1218
1512
377
297
1470
1923
1203
332
1020
794
1378
1728
356
477
438
331
683
145
450
1735
689
178
861
1447
1754
1562
476
1215
1309
1923
468
1780
1817
794
411
98
670
1156
478
701
891
453
856
153
1028
110
1074
1486
614
1543
582
214
622
1374
1464
1881
1606
1838
903
412
1746
788
1664
1397
1307
366
548
1889
1593
1973
1211
218
294
1372
1465
1235
48
185
832
838
624
1603
951
1617
1961
1501
1193
1323
962
931
880
1869
1896
562
1219
63
190
1981
190
592
1830
1325
434
139
1493
1096
1372
198
1330
1621
842
893
1087
783
380
1662
1899
1640
695
1718
342
400
847
764
423
214
726
1196
1787
1566
816
263
1711
420
1178
1400
800
1504
1754
170
1520
363
696
1369
572
176
237
1207
363
662
1546
528
1386
1982
253
1103
726
200
240
818
1306
922
451
1788
762
1795
1099
921
414
189
634
39
1539
914
1376
436
1694
1057
434
402
787
464
1019
1362
1621
1588
625
1728
943
1999
1209
11
1842
489
1661
120
320
706
317
71
1192
615
580
1366
1507
499
1564
1012
959
1800
196
1001
873
1966
1313
1349
929
234
339
1078
1480
1651
1546
1997
845
882
1560
1043
921
968
345
664
1575
1349
1168
701
1352
901
1636
163
1525
493
59
1123
758
1575
789
527
1076
346
1244
424
1482
1918
1322
1986
113
1358
108
709
1836
654
1926
1270
1585
1439
823
1269
1433
1697
126
1240
1369
793
1869
648
1618
1795
269
1690
1415
522
803
1104
1293
117
1537
1169
567
1812
1040
1335
610
92
428
1367
1438
270
48
823
847
415
500
1739
355
835
20
128
597
1084
1971
1308
1185
466
1024
821
1065
595
120
882
1783
781
1404
1199
1524
168
452
1189
168
1402
1587
1481
499
678
1917
676
1467
1861
679
643
1575
1687
1806
1071
748
1595
923
111
149
1181
1462
1517
1385
208
24
487
1592
797
1221
647
693
1034
1801
1429
1723
1598
466
1210
41
1748
1631
1641
1471
1183
151
650
814
893
1901
806
1867
1038
1347
842
1188
214
573
1141
1798
609
1959
1636
1519
7
1289
449
127
1313
1626
24
1300
1323
1667
1866
870
329
1237
1396
1216
1823
365
642
113
44
487
1377
1826
23
1266
1475
1400
797
978
502
572
105
267
1159
1289
1749
109
243
1589
975
891
430
932
1216
64
1415
1674
185
500
1116
1680
1407
59
858
1817
266
95
168
388
1112
127
36
1828
679
728
1006
1055
322
787
676
836
347
1487
45
1249
954
721
954
1492
1957
873
858
1168
289
1862
1469
802
519
1900
427
260
1259
341
550
1457
1561
1207
1037
1242
545
1461
115
857
645
1416
1487
1685
911
1295
549
629
1753
1524
1333
1144
711
1697
1074
4
1927
530
1830
478
269
1789
964
442
920
1088
366
1170
345
90
568
1356
21
1949
1597
71
249
1266
880
1863
1597
109
69
914
1116
1986
1826
1305
114
680
784
11
663
30
22
886
1868
1996
1704
895
515
330
1260
1620
1268
1670
349
513
1613
1810
1379
160
154
1293
963
52
1573
1619
19
1703
1040
823
529
1330
1520
1856
612
1550
1388
1169
595
1977
1335
302
1861
59
1050
1708
249
1081
213
1032
694
1769
1495
587
1973
103
109
876
1934
1784
839
1510
1137
109
641
1451
71
1242
1873
1626
183
1943
876
749
1724
967
974
502
1703
584
281
731
1922
1130
333
1279
1893
579
538
1267
300
18
1058
301
1048
1826
1154
1928
1253
962
354
924
908
595
1931
879
1722
1761
1753
1036
1649
869
305
1331
1837
1498
20
738
346
800
1700
930
1828
1997
1879
372
1998
394
442
1326
1159
525
504
1937
346
1699
619
61
406
673
274
1143
621
218
1028
489
1968
19
1315
1339
1323
517
228
465
445
1667
127
1908
555
1997
146
918
1078
404
1706
384
137
528
85
590
311
126
1298
894
1525
1949
1754
788
292
955
1155
306
114
987
242
1398
993
859
1265
1172
424
1555
929
1062
440
1888
146
1457
1986
1857
960
1226
119
1361
528
441
560
583
44
973
1231
1691
811
1407
374
1738
1653
187
1831
988
933
973
603
1491
16
888
662
1687
1717
733
731
432
1669
890
1565
739
1541
17
1526
1680
482
1946
1963
1195
1268
955
591
266
166
679
998
127
1413
661
157
199
1350
147
377
1329
957
795
509
499
1660
661
529
506
1785
396
1823
1232
1443
613
1342
1859
614
573
549
1571
972
1491
984
700
854
438
55
1573
972
288
1432
1768
1810
1539
289
1043
172
1315
874
1262
1651
1365
147
1039
792
1733
674
890
1112
1966
1936
621
1056
1558
1028
715
1587
1976
1791
1014
106
454
122
2
1323
942
1405
552
1166
556
914
1497
1403
1089
330
100
184
531
478
1386
898
1077
968
655
1194
584
1282
371
1346
97
1231
1890
71
1181
1193
457
721
1987
491
1482
697
1017
176
1281
1947
1210
268
920
1068
390
26
329
285
1466
1461
882
881
897
650
1917
1739
635
301
1840
1676
238
140
1907
1404
506
1314
1328
774
1025
941
576
1129
1751
689
739
1611
1926
733
1520
225
469
831
782
941
58
484
1489
1015
1198
531
474
752
16
139
1480
642
876
1705
788
1964
1069
1631
460
1901
976
1153
1533
78
1612
305
182
309
1503
1326
1803
1687
1482
585
1111
366
240
280
134
924
1371
1582
194
1582
1248
794
1292
628
1332
655
366
624
1230
820
1550
1453
1918
589
357
770
991
26
128
1991
1354
735
1159
855
1531
740
205
839
87
1309
648
310
622
844
1313
613
1390
1173
1613
297
936
915
1005
511
1175
185
739
15
206
1612
1447
212
1712
399
361
1419
1846
703
503
634
109
912
865
787
543
951
1755
1560
819
489
1875
865
1527
1028
1620
285
1708
1373
377
325
962
1290
950
503
1062
1025
564
1937
42
1025
1116
236
1076
1663
918
380
1561
275
562
1365
284
1428
1174
608
513
49
1081
366
471
1186
1439
156
1621
1710
1798
503
836
1278
273
162
1054
162
867
134
325
1282
303
1098
1847
1576
1645
1715
1216
1724
959
749
720
768
1349
603
1647
1566
445
1835
623
1742
1423
1949
1393
268
1576
22
58
1402
86
304
583
1473
100
1124
110
446
421
1323
1671
1867
1958
385
1515
971
1119
331
44
442
1803
1866
646
932
1225
1297
1253
1557
1681
1780
614
1633
1835
977
274
1157
44
515
72
541
1042
1156
634
791
1859
787
811
344
1825
215
1703
1727
272
1859
756
119
1339
1258
1400
1456
148
180
1291
1039
1915
178
1518
1700
1920
1966
300
1421
1164
1975
320
1114
1165
1100
599
641
865
406
55
243
502
363
1792
206
942
1873
978
1188
1192
303
1200
1708
861
490
596
920
1705
1583
674
407
1643
795
337
203
734
1107
1879
1213
680
849
228
335
1491
1805
1139
3
875
1437
60
731
615
637
1534
1488
1483
1218
1947
1383
189
1643
851
417
1142
425
454
1874
76
1537
36
708
1678
512
279
492
592
783
724
845
1783
1734
414
1740
103
1381
795
1364
1019
689
11
1339
52
1532
566
1508
759
1929
901
390
288
222
1925
1678
235
618
423
1489
1812
1001
555
1668
285
1110
1966
1855
1697
1536
1265
382
1286
560
1085
1482
1864
810
563
1033
628
162
841
1
1122
401
1250
435
535
184
108
1477
745
1108
1953
1008
1732
931
806
396
556
1814
536
1192
532
1975
1159
494
239
444
1203
1174
86
237
823
1402
681
1491
1027
1195
1193
481
175
130
869
856
1244
1465
1747
53
1021
203
1730
798
278
1272
1277
1565
1460
270
755
1275
1853
949
741
289
1401
505
655
779
49
1934
330
574
1623
1567
1249
1708
374
1239
1155
661
1324
260
617
1248
1941
936
1241
58
1065
1154
266
782
1961
508
936
247
982
1670
1386
962
1187
1300
1570
1783
1148
1124
1605
696
295
130
284
1659
121
303
202
565
284
1327
415
136
1520
706
1820
1390
1520
1765
1752
294
439
474
1571
607
1090
469
1273
451
679
1817
777
566
38
1234
502
510
1215
516
893
1253
1380
420
1064
572
64
1701
1283
627
1833
535
1006
1639
338
1707
1026
1227
484
217
1303
714
1998
1413
420
1931
411
16
841
935
403
299
682
295
1844
1793
653
865
98
597
1638
196
1516
1930
16
1281
641
610
1455
206
643
921
259
1733
588
131
1616
50
1070
1538
1372
445
879
732
1449
1476
372
621
1379
1533
1949
602
524
442
962
662
1607
477
1004
1943
1377
1567
919
251
710
156
390
1864
259
