100
89
15
18
62
61
65
4
54
49
47
67
5
50
45
71
43
16
33
10
12
96
79
32
95
70
26
84
68
6
14
83
60
58
8
93
23
1
66
11
77
44
29
37
46
52
34
82
80
48
76
2
36
87
94
13
73
97
74
20
40
92
91
25
19
56
42
57
78
85
21
28
72
30
7
31
75
86
64
69
38
0
55
99
51
63
41
35
98
81
90
9
39
59
53
3
88
27
24
17
22
6
12
37
12
41
90
37
12
80
70
63
67
21
13
33
24
59
27
30
76
25
60
68
42
32
86
87
58
85
22
76
37
52
57
30
17
91
6
74
88
66
33
40
63
74
19
50
33
83
82
45
21
82
75
53
25
12
50
22
83
43
91
59
81
96
8
15
16
35
77
44
66
88
35
98
97
79
4
29
73
0
18
37
64
88
80
21
5
0
27
86
39
3
36
50
58
86
100
77
52
62
82
74
29
23
82
26
79
13
57
42
65
70
70
70
40
96
50
10
1
26
6
82
43
58
89
97
81
32
53
82
79
26
45
76
61
11
81
32
65
89
82
64
59
42
59
82
73
25
73
42
88
58
17
80
32
75
51
45
38
45
59
27
52
31
49
40
69
69
51
16
83
59
6
65
9
54
28
79
65
55
32
75
74
16
43
20
41
92
11
73
65
91
21
86
40
64
86
